1674703965516 2.5173425674438477 0
1674703969357 0.17759953439235687 200
1674703973173 0.05908356234431267 400
1674703976957 0.10005258023738861 600
1674703980705 0.15594252943992615 800
1674703983381 0.04879689961671829 938
1674703987139 0.031069088727235794 1138
1674703990936 0.038246940821409225 1338
1674703994737 0.08594324439764023 1538
1674703998524 0.03373489901423454 1738
1674704001081 0.011422708630561829 1876
1674704004778 0.012505846098065376 2076
1674704008537 0.03496919199824333 2276
1674704012313 0.049978263676166534 2476
1674704016082 0.03734535723924637 2676
1674704018729 0.047711439430713654 2814
1674704022492 0.08580519258975983 3014
1674704026268 0.009336831048130989 3214
1674704030053 0.022413931787014008 3414
1674704033794 0.0187115166336298 3614
1674704036403 0.01479277852922678 3752
1674704040175 0.014331728219985962 3952
1674704043895 0.1813240945339203 4152
1674704047612 0.024573201313614845 4352
1674704051386 0.14982342720031738 4552
1674704055375 0.07876800000667572 0
1674704058956 0.0026832432486116886 200
1674704062664 0.006833245046436787 400
1674704066408 0.002828876255080104 600
1674704070138 0.0034461617469787598 800
1674704072783 0.012066838331520557 938
1674704076517 0.008918097242712975 1138
1674704080222 0.005882308352738619 1338
1674704083873 0.06018941104412079 1538
1674704087637 0.07899311929941177 1738
1674704090267 0.007552314084023237 1876
1674704094040 0.010849902406334877 2076
1674704097824 0.05934255197644234 2276
1674704101599 0.012477193959057331 2476
1674704105368 0.050516676157712936 2676
1674704108023 0.003246010048314929 2814
1674704111702 0.14576596021652222 3014
1674704115465 0.001964445924386382 3214
1674704119259 0.015390289016067982 3414
1674704123000 0.024967659264802933 3614
1674704125646 0.024416230618953705 3752
1674704129084 0.12017327547073364 3952
1674704132746 0.005374860018491745 4152
1674704136463 0.0013572052121162415 4352
1674704140211 0.0015078515280038118 4552
1674704144215 0.0029529242310673 0
1674704147884 0.0017212723614647985 200
1674704151619 0.009304539300501347 400
1674704155160 0.06349197775125504 600
1674704158604 0.031269486993551254 800
1674704160994 0.0007668153266422451 938
1674704164585 0.095894955098629 1138
1674704168310 0.0005992358201183379 1338
1674704172041 0.004700574092566967 1538
1674704175582 0.1763889193534851 1738
1674704178030 0.014833522029221058 1876
1674704181478 0.003322186414152384 2076
1674704185083 0.03705134242773056 2276
1674704188807 0.022942321375012398 2476
1674704192417 0.0005172462551854551 2676
1674704194959 0.0012147135566920042 2814
1674704198678 0.11927144229412079 3014
1674704202398 0.0012970822863280773 3214
1674704206187 0.003305853344500065 3414
1674704209993 0.06577480584383011 3614
1674704212628 0.0010860221227630973 3752
1674704216323 0.07578641176223755 3952
1674704220027 0.011116189882159233 4152
1674704223478 0.026186946779489517 4352
1674704227143 0.0027875080704689026 4552
1674704231133 0.011462471447885036 0
1674704234883 0.020010540261864662 200
1674704238604 0.00022338565031532198 400
1674704242371 0.0003903118777088821 600
1674704246160 0.00024319178191944957 800
1674704248745 0.0014794640010222793 938
1674704252445 0.0006243266980163753 1138
1674704256215 0.00023523154959548265 1338
1674704259930 0.0003352765052113682 1538
1674704263499 0.00022765097673982382 1738
1674704265842 0.0003275636991020292 1876
1674704269603 0.0016086382092908025 2076
1674704273374 0.035385310649871826 2276
1674704276806 0.002553218510001898 2476
1674704280160 0.007729307748377323 2676
1674704282501 0.001032379805110395 2814
1674704285834 0.005646506790071726 3014
1674704289168 0.0002893695782404393 3214
1674704292517 0.001966967713087797 3414
1674704295877 0.1351553052663803 3614
1674704298217 0.0019079843768849969 3752
1674704301552 0.05687100067734718 3952
1674704304903 0.025473125278949738 4152
1674704308238 6.875244434922934e-05 4352
1674704311872 0.08077504485845566 4552
1674704315862 0.0003983832139056176 0
1674704319620 0.03785074129700661 200
1674704323369 0.00018263954552821815 400
1674704327145 0.00021276326151564717 600
1674704330931 0.05675903335213661 800
1674704333579 0.00017879869847092777 938
1674704337354 0.0013332357630133629 1138
1674704341013 0.0005679362220689654 1338
1674704344486 0.004021293018013239 1538
1674704348261 0.02103317715227604 1738
1674704350938 0.058351609855890274 1876
1674704354491 0.0001508772693341598 2076
1674704358185 0.0001989469164982438 2276
1674704361965 0.0017130780033767223 2476
1674704365744 0.0003957810695283115 2676
1674704368403 0.00027344244881533086 2814
1674704372177 0.00028132801526226103 3014
1674704375938 0.0010668676113709807 3214
1674704379729 0.013377809897065163 3414
1674704383496 0.0013369603548198938 3614
1674704386131 7.435236329911277e-05 3752
1674704389891 0.007955793291330338 3952
1674704393616 0.0005910614272579551 4152
1674704397386 0.0011361070210114121 4352
1674704401084 0.022425968199968338 4552
