1674542118370 2.313950300216675 0
1674542120355 0.39896243810653687 200
1674542122316 0.09555602818727493 400
1674542124338 0.18416684865951538 600
1674542126329 0.1637962907552719 800
1674542128318 0.056541405618190765 1000
1674542130314 0.1362646520137787 1200
1674542132293 0.12366393208503723 1400
1674542134267 0.04312668740749359 1600
1674542136268 0.1164749339222908 1800
1674542138264 0.1264200359582901 2000
1674542140257 0.03776701167225838 2200
1674542142252 0.10558362305164337 2400
1674542144263 0.08069276064634323 2600
1674542146252 0.0181451216340065 2800
1674542149143 0.06681681424379349 0
1674542151161 0.09935019165277481 200
1674542153184 0.024798162281513214 400
1674542155198 0.04412726312875748 600
1674542157180 0.0739319771528244 800
1674542159203 0.033175088465213776 1000
1674542161212 0.0390501394867897 1200
1674542163208 0.0839691236615181 1400
1674542165214 0.0267315786331892 1600
1674542167219 0.04327438026666641 1800
1674542169224 0.07761657983064651 2000
1674542171230 0.01554439589381218 2200
1674542173249 0.03440169245004654 2400
1674542175240 0.07698606699705124 2600
1674542177246 0.017835265025496483 2800
1674542180165 0.05234702676534653 0
1674542182184 0.055295180529356 200
1674542184188 0.013913607224822044 400
1674542186203 0.05710524693131447 600
1674542188209 0.04239090532064438 800
1674542190220 0.00393667770549655 1000
1674542192238 0.03510018438100815 1200
1674542194259 0.10901212692260742 1400
1674542196269 0.029256010428071022 1600
1674542198298 0.06650040298700333 1800
1674542200310 0.02930687740445137 2000
1674542202299 0.03541770577430725 2200
1674542204323 0.06457363814115524 2400
1674542206314 0.030898351222276688 2600
1674542208331 0.05697517842054367 2800
1674542211215 0.011378074064850807 0
1674542213237 0.061981815844774246 200
1674542215232 0.029988743364810944 400
1674542217243 0.010271294042468071 600
1674542219276 0.042090654373168945 800
1674542221259 0.013762290589511395 1000
1674542223289 0.017633240669965744 1200
1674542225307 0.016288287937641144 1400
1674542227279 0.02958604507148266 1600
1674542229296 0.04034388065338135 1800
1674542231296 0.03869600221514702 2000
1674542233313 0.027245838195085526 2200
1674542235331 0.04086172580718994 2400
1674542237324 0.037046853452920914 2600
1674542239356 0.011517570354044437 2800
1674542242248 0.024532310664653778 0
1674542244286 0.02246159501373768 200
1674542246290 0.0296003557741642 400
1674542248273 0.05105191096663475 600
1674542250304 0.02832776866853237 800
1674542252311 0.01746416464447975 1000
1674542254310 0.025123536586761475 1200
1674542256309 0.0200892873108387 1400
1674542258290 0.005868473090231419 1600
1674542260302 0.07008016109466553 1800
1674542262294 0.02613118104636669 2000
1674542264276 0.02090650051832199 2200
1674542266277 0.02906274050474167 2400
1674542268281 0.027601592242717743 2600
1674542270259 0.0052928924560546875 2800
