1674702018693 2.736215829849243 0
1674702022453 0.331319123506546 200
1674702026221 0.06663449853658676 400
1674702029982 0.15576133131980896 600
1674702033405 0.161018967628479 800
1674702036073 0.09547194838523865 938
1674702039813 0.09612143784761429 1138
1674702043581 0.08551989495754242 1338
1674702047359 0.06685569882392883 1538
1674702051155 0.0516781322658062 1738
1674702053783 0.01183245424181223 1876
1674702057559 0.03316555544734001 2076
1674702061315 0.049024492502212524 2276
1674702065015 0.015631821006536484 2476
1674702068779 0.08539905399084091 2676
1674702071417 0.0057760667987167835 2814
1674702075170 0.04462886601686478 3014
1674702078933 0.02090844325721264 3214
1674702082406 0.061984315514564514 3414
1674702085788 0.1498822122812271 3614
1674702088422 0.017977965995669365 3752
1674702092157 0.03477056324481964 3952
1674702095905 0.014383625239133835 4152
1674702099620 0.02394438348710537 4352
1674702103356 0.10771568864583969 4552
1674702107333 0.009177632629871368 0
1674702111074 0.06122160330414772 200
1674702114810 0.008151342160999775 400
1674702118556 0.10985524207353592 600
1674702122304 0.028088510036468506 800
1674702124917 0.005687563214451075 938
1674702128664 0.01819678209722042 1138
1674702132255 0.0072876750491559505 1338
1674702135626 0.02019488625228405 1538
1674702139056 0.026415210217237473 1738
1674702141725 0.002790651982650161 1876
1674702145454 0.08678322285413742 2076
1674702149204 0.06922008842229843 2276
1674702152954 0.0010283672017976642 2476
1674702156687 0.04560541734099388 2676
1674702159303 0.06632566452026367 2814
1674702162910 0.0499882698059082 3014
1674702166586 0.04690752923488617 3214
1674702170309 0.013354106806218624 3414
1674702174071 0.08131156116724014 3614
1674702176628 0.0003563321952242404 3752
1674702179972 0.003290801774710417 3952
1674702183682 0.0010840799659490585 4152
1674702187432 0.00834739301353693 4352
1674702191197 0.027543265372514725 4552
1674702195148 0.004593565594404936 0
1674702198915 0.0918961614370346 200
1674702202683 0.000967536005191505 400
1674702206469 0.010439950972795486 600
1674702210210 0.07846236228942871 800
1674702212845 0.034173883497714996 938
1674702216483 0.002624447224661708 1138
1674702220225 0.0009481374872848392 1338
1674702223949 0.000781605951488018 1538
1674702227670 0.049604665488004684 1738
1674702230280 0.0005906643928028643 1876
1674702233997 0.022820044308900833 2076
1674702237721 0.0011514245998114347 2276
1674702241453 0.0013398792361840606 2476
1674702245185 0.0016202308470383286 2676
1674702247811 0.0003036583948414773 2814
1674702251508 0.0027657996397465467 3014
1674702255185 0.0002214471169281751 3214
1674702258935 0.013849841430783272 3414
1674702262674 0.10946803539991379 3614
1674702265290 0.02592386119067669 3752
1674702269055 0.033291686326265335 3952
1674702272787 0.00046272011240944266 4152
1674702276499 0.00018073568935506046 4352
1674702280229 0.03926631063222885 4552
1674702284143 0.0038230319041758776 0
1674702287863 0.006555305328220129 200
1674702291586 0.07314125448465347 400
1674702295312 9.862940351013094e-05 600
1674702299071 0.0039291721768677235 800
1674702301682 0.006782814860343933 938
1674702305412 0.036917708814144135 1138
1674702309134 0.002482123440131545 1338
1674702312857 0.00849386490881443 1538
1674702316576 0.007816314697265625 1738
1674702319210 0.00039762823143973947 1876
1674702322932 0.0251650121062994 2076
1674702326644 0.0008118834812194109 2276
1674702330384 0.0025065713562071323 2476
1674702334101 0.0007772049284540117 2676
1674702336471 2.563071029726416e-05 2814
1674702340205 0.009886203333735466 3014
1674702343934 0.00018445964087732136 3214
1674702347677 0.0001633369829505682 3414
1674702351399 0.027108121663331985 3614
1674702354043 0.0007354218978434801 3752
1674702357786 0.0027348909061402082 3952
1674702361513 0.08752842992544174 4152
1674702365267 0.00022868769883643836 4352
1674702368853 0.002537610474973917 4552
1674702372658 7.561942038591951e-05 0
1674702376295 0.001459269318729639 200
1674702380045 3.1002648029243574e-05 400
1674702383727 1.7285523426835425e-05 600
1674702387455 0.014140216633677483 800
1674702389968 0.00012352873454801738 938
1674702393705 0.05203964188694954 1138
1674702397429 0.0005648643709719181 1338
1674702401175 0.0031567274127155542 1538
1674702404928 0.0026699011214077473 1738
1674702407543 0.0006857574917376041 1876
1674702411260 0.009519106708467007 2076
1674702414992 0.00022761497530154884 2276
1674702418736 0.00010174875205848366 2476
1674702422466 0.03676343709230423 2676
1674702425093 0.011239648796617985 2814
1674702428823 0.00043252852628938854 3014
1674702432544 0.00011000461381627247 3214
1674702436309 0.00013897301687393337 3414
1674702440056 0.002190846484154463 3614
1674702442674 0.00010568024299573153 3752
1674702446409 0.0005008792504668236 3952
1674702450168 0.00020571592904161662 4152
1674702453828 0.0002089010231429711 4352
1674702457406 0.16154807806015015 4552
