1674631898476 2.551600217819214 0
1674631902348 0.1823682188987732 200
1674631906135 0.1433180272579193 400
1674631909951 0.10183730721473694 600
1674631913757 0.14277543127536774 800
1674631916406 0.050518229603767395 938
1674631920243 0.1668776571750641 1138
1674631924028 0.0642477497458458 1338
1674631927839 0.04452834650874138 1538
1674631931653 0.01605289988219738 1738
1674631934300 0.02492441236972809 1876
1674631938069 0.023046687245368958 2076
1674631941882 0.0422617569565773 2276
1674631945643 0.04276817664504051 2476
1674631949450 0.135782390832901 2676
1674631952136 0.013737751170992851 2814
1674631955936 0.021071212366223335 3014
1674631959768 0.024268483743071556 3214
1674631963518 0.018441352993249893 3414
1674631967266 0.0710361897945404 3614
1674631969929 0.01720762439072132 3752
1674631973725 0.07990725338459015 3952
1674631977548 0.032059554010629654 4152
1674631981344 0.007947932928800583 4352
1674631985130 0.05234803631901741 4552
1674631989222 0.0075899153016507626 0
1674631992997 0.0066521200351417065 200
1674631996843 0.011920284479856491 400
1674632000665 0.00941841583698988 600
1674632004538 0.05702807009220123 800
1674632007146 0.005373072344809771 938
1674632010884 0.04050089418888092 1138
1674632014609 0.006931792013347149 1338
1674632018457 0.003654483938589692 1538
1674632022187 0.04033788666129112 1738
1674632024766 0.015773838385939598 1876
1674632028600 0.006429803557693958 2076
1674632032386 0.02277739718556404 2276
1674632036090 0.053181491792201996 2476
1674632039858 0.12156235426664352 2676
1674632042442 0.0037791775539517403 2814
1674632046191 0.18960464000701904 3014
1674632050010 0.06295586377382278 3214
1674632053840 0.0006650653667747974 3414
1674632057619 0.06968090683221817 3614
1674632060234 0.000757483416236937 3752
1674632063954 0.051440607756376266 3952
1674632067731 0.001876869355328381 4152
1674632071487 0.005527078174054623 4352
1674632075281 0.049473635852336884 4552
1674632079253 0.002343280240893364 0
1674632082859 0.05226758494973183 200
1674632086400 0.0011252894764766097 400
1674632090190 0.004021874163299799 600
1674632093939 0.04646872729063034 800
1674632096543 0.031131407245993614 938
1674632100241 0.17663240432739258 1138
1674632104025 0.0014414129545912147 1338
1674632107797 0.0001910211576614529 1538
1674632111623 0.004063142463564873 1738
1674632114299 0.0005945761222392321 1876
1674632118103 0.028866371139883995 2076
1674632121943 0.0047380621545016766 2276
1674632125792 0.00123026710934937 2476
1674632129629 0.17242743074893951 2676
1674632132327 0.10161978751420975 2814
1674632136158 0.029511401429772377 3014
1674632140005 0.0008040732354857028 3214
1674632143833 0.0016173624899238348 3414
1674632147637 0.0883406549692154 3614
1674632150320 0.00022969217388890684 3752
1674632154132 0.004489877726882696 3952
1674632157949 0.0007742128800600767 4152
1674632161747 0.001987065887078643 4352
1674632165577 0.00577842490747571 4552
1674632169637 0.00022409451776184142 0
1674632173444 0.032562993466854095 200
1674632177262 0.0007053470471873879 400
1674632181068 0.012516851536929607 600
1674632184912 0.004566018003970385 800
1674632187604 0.001997873419895768 938
1674632191444 0.05794277787208557 1138
1674632195283 0.0005017131916247308 1338
1674632199089 0.00022687298769596964 1538
1674632202928 0.003715942380949855 1738
1674632205620 9.290171146858484e-05 1876
1674632209437 0.000722005614079535 2076
1674632213275 0.00017596283578313887 2276
1674632217106 0.008173900656402111 2476
1674632220931 0.04081236571073532 2676
1674632223586 0.03221316263079643 2814
1674632227423 0.02256517857313156 3014
1674632231249 0.0005043722921982408 3214
1674632235047 0.07179546356201172 3414
1674632238834 0.009139679372310638 3614
1674632241526 0.00027634043362922966 3752
1674632245318 0.0009264516411349177 3952
1674632249174 0.00012903858441859484 4152
1674632253014 0.000759818940423429 4352
1674632256845 0.09981495887041092 4552
1674632260903 5.014435009798035e-05 0
1674632264707 0.000924311694689095 200
1674632268510 0.00845217052847147 400
1674632272383 0.0031602990347892046 600
1674632276223 0.001016551861539483 800
1674632278928 0.0007816091529093683 938
1674632282761 0.014127551577985287 1138
1674632286579 0.00018964205810334533 1338
1674632290179 0.0006899916916154325 1538
1674632294043 0.05541187897324562 1738
1674632296738 7.269350317073986e-05 1876
1674632300558 0.014020388945937157 2076
1674632304416 0.0011434867046773434 2276
1674632308125 0.0004315066325943917 2476
1674632311860 0.00124736363068223 2676
1674632314465 7.720100256847218e-06 2814
1674632318189 0.0009200876229442656 3014
1674632321943 0.00130443274974823 3214
1674632325751 0.006721559911966324 3414
1674632329601 0.0023476656060665846 3614
1674632332295 0.0002139831194654107 3752
1674632336125 0.059074994176626205 3952
1674632339655 0.00027573140687309206 4152
1674632343349 0.00048757047625258565 4352
1674632347175 0.00692479545250535 4552
