1674554895856 2.7715210914611816 0
1674554899715 0.09241927415132523 200
1674554903467 0.1451490819454193 400
1674554907231 0.0966506153345108 600
1674554910960 0.13215035200119019 800
1674554913585 0.044387176632881165 938
1674554917303 0.09933106601238251 1138
1674554921037 0.054572977125644684 1338
1674554924791 0.08136890828609467 1538
1674554928553 0.12155389785766602 1738
1674554931168 0.014863010495901108 1876
1674554934906 0.0757719948887825 2076
1674554938655 0.01835487224161625 2276
1674554942398 0.004012401215732098 2476
1674554946153 0.11541883647441864 2676
1674554948793 0.019984550774097443 2814
1674554952535 0.03171258419752121 3014
1674554956261 0.09754765033721924 3214
1674554960007 0.04536527022719383 3414
1674554963752 0.06432988494634628 3614
1674554966367 0.00215398077853024 3752
1674554970126 0.04331815987825394 3952
1674554973897 0.010990657843649387 4152
1674554977587 0.0011909403838217258 4352
1674554981335 0.08332351595163345 4552
1674554985284 0.02935023233294487 0
1674554988946 0.033971983939409256 200
1674554992570 0.02609502524137497 400
1674554996308 0.050472963601350784 600
1674555000079 0.026995565742254257 800
1674555002712 0.005993677303195 938
1674555006473 0.15063007175922394 1138
1674555010217 0.04173018038272858 1338
1674555013975 0.017510320991277695 1538
1674555017704 0.0920332595705986 1738
1674555020320 0.019175827503204346 1876
1674555024045 0.008335765451192856 2076
1674555027775 0.006429316475987434 2276
1674555031506 0.017330287024378777 2476
1674555035238 0.06452897191047668 2676
1674555037846 0.024961143732070923 2814
1674555041575 0.028513438999652863 3014
1674555045334 0.009511432610452175 3214
1674555049071 0.00015603039355482906 3414
1674555052792 0.09049782902002335 3614
1674555055422 0.0008612271631136537 3752
1674555059152 0.11973664909601212 3952
1674555062873 0.015962280333042145 4152
1674555066623 0.046075090765953064 4352
1674555070377 0.015269981697201729 4552
1674555074332 0.0016713436925783753 0
1674555078034 0.00981767475605011 200
1674555081765 0.016984989866614342 400
1674555085513 5.938750473433174e-05 600
1674555089280 0.12453919649124146 800
1674555091892 0.011700955219566822 938
1674555095603 0.05304824933409691 1138
1674555099276 0.00021514663239941 1338
1674555102721 0.0025939694605767727 1538
1674555106259 0.07374314218759537 1738
1674555108701 0.0016299112467095256 1876
1674555112208 0.0553368479013443 2076
1674555115781 7.455652666976675e-05 2276
1674555119377 0.0030539759900420904 2476
1674555122971 0.010868546552956104 2676
1674555125483 0.005301579833030701 2814
1674555129035 0.008974125608801842 3014
1674555132552 0.019623808562755585 3214
1674555136102 0.009713379666209221 3414
1674555139599 0.015241182409226894 3614
1674555142054 0.009000685065984726 3752
1674555145631 0.007546897977590561 3952
1674555149305 0.0003395086678210646 4152
1674555152976 0.01510891504585743 4352
1674555156641 0.0011650968808680773 4552
1674555160475 0.0005346170510165393 0
1674555164050 0.009137870743870735 200
1674555167659 0.0012598291505128145 400
1674555171419 0.0020503904670476913 600
1674555175177 0.0025689920876175165 800
1674555177803 0.0006449867505580187 938
1674555181510 0.007092406041920185 1138
1674555185163 0.003678556764498353 1338
1674555188903 0.02221115678548813 1538
1674555192656 0.1273258477449417 1738
1674555195261 0.0026952456682920456 1876
1674555199018 0.08031518012285233 2076
1674555202754 0.00028563247178681195 2276
1674555206521 1.5553370758425444e-05 2476
1674555210295 0.0017380898352712393 2676
1674555212931 0.0005079848924651742 2814
1674555216680 0.001356963999569416 3014
1674555220338 0.008561890572309494 3214
1674555224009 8.297293243231252e-05 3414
1674555227669 0.0013735085958614945 3614
1674555230272 0.0001878025650512427 3752
1674555233986 0.0013628506567329168 3952
1674555237714 0.0007388218073174357 4152
1674555241417 0.0005081979907117784 4352
1674555245160 0.0004852479323744774 4552
1674555249100 8.937635720940307e-05 0
1674555252824 0.0002987788466271013 200
1674555256546 0.003499045968055725 400
1674555260283 0.012119065970182419 600
1674555263950 0.0058126626536250114 800
1674555266554 0.001908287638798356 938
1674555270327 0.008603662252426147 1138
1674555274063 0.00114418042358011 1338
1674555277778 0.00435533095151186 1538
1674555281524 0.09333828091621399 1738
1674555284138 0.001127879717387259 1876
1674555287878 0.00033355504274368286 2076
1674555291621 6.369012407958508e-05 2276
1674555295355 6.41324368189089e-05 2476
1674555299083 0.0013582529500126839 2676
1674555301641 0.0004095967160537839 2814
1674555305240 0.022781500592827797 3014
1674555308840 0.00012392571079544723 3214
1674555312536 6.44354076939635e-05 3414
1674555316276 0.006911272183060646 3614
1674555318891 0.020530326291918755 3752
1674555322615 0.00021571693650912493 3952
1674555326345 1.9562110537663102e-05 4152
1674555330088 0.009502403438091278 4352
1674555333822 0.0008504370925948024 4552
