1674706692603 2.4352176189422607 0
1674706696100 0.16733582317829132 200
1674706699876 0.07907020300626755 400
1674706703616 0.13284936547279358 600
1674706707353 0.09141595661640167 800
1674706709985 0.04105834290385246 938
1674706713703 0.06884052604436874 1138
1674706717439 0.033675383776426315 1338
1674706721199 0.09383362531661987 1538
1674706724963 0.0651242733001709 1738
1674706727606 0.007207544520497322 1876
1674706731372 0.12070588022470474 2076
1674706735132 0.027780301868915558 2276
1674706738891 0.07497867196798325 2476
1674706742666 0.16904409229755402 2676
1674706745310 0.002285603666678071 2814
1674706749047 0.07325126975774765 3014
1674706752813 0.020137250423431396 3214
1674706756597 0.018285701051354408 3414
1674706760370 0.026896756142377853 3614
1674706762988 0.04327646270394325 3752
1674706766750 0.049444928765296936 3952
1674706770512 0.04768195375800133 4152
1674706774267 0.021447250619530678 4352
1674706778009 0.09457605332136154 4552
1674706782015 0.00724356435239315 0
1674706785777 0.02328905463218689 200
1674706789544 0.049071960151195526 400
1674706793265 0.03494677692651749 600
1674706797008 0.03234979510307312 800
1674706799646 0.09671857953071594 938
1674706803395 0.009767863899469376 1138
1674706807163 0.018109740689396858 1338
1674706810573 0.04385049641132355 1538
1674706813972 0.1367717981338501 1738
1674706816567 0.002118172822520137 1876
1674706820261 0.011805640533566475 2076
1674706823649 0.008906056173145771 2276
1674706827344 0.07065467536449432 2476
1674706831101 0.09397730976343155 2676
1674706833730 0.01108284667134285 2814
1674706837486 0.05567355453968048 3014
1674706841155 0.001762610161677003 3214
1674706844549 0.05756891518831253 3414
1674706848288 0.054865576326847076 3614
1674706850925 0.002466143574565649 3752
1674706854485 0.10024302452802658 3952
1674706858219 0.0016907986719161272 4152
1674706861991 0.002636232879012823 4352
1674706865762 0.08044042438268661 4552
1674706869719 0.02091272734105587 0
1674706873474 0.043038707226514816 200
1674706877070 0.023931514471769333 400
1674706880500 0.10260224342346191 600
1674706883962 0.07276622951030731 800
1674706886433 0.0011234101839363575 938
1674706890019 0.03672467917203903 1138
1674706893699 0.0006036884151399136 1338
1674706897418 0.0319988839328289 1538
1674706901023 0.12185294926166534 1738
1674706903488 0.015062732622027397 1876
1674706906959 0.018697820603847504 2076
1674706910429 0.021134883165359497 2276
1674706913919 0.0019126703264191747 2476
1674706917568 0.0008847127319313586 2676
1674706920212 0.0081138601526618 2814
1674706923962 0.14729391038417816 3014
1674706927752 0.09904317557811737 3214
1674706931534 0.00036773490137420595 3414
1674706935301 0.15806399285793304 3614
1674706937942 0.0002627157373353839 3752
1674706941614 0.017629317939281464 3952
1674706945141 0.00333968224003911 4152
1674706948664 0.0013960190117359161 4352
1674706952306 0.03921488672494888 4552
1674706956246 0.0002419938682578504 0
1674706959941 0.005081214010715485 200
1674706963661 0.0001455518213333562 400
1674706967409 0.012691536918282509 600
1674706971137 0.002569037489593029 800
1674706973518 0.00038462269003503025 938
1674706977274 0.011750761419534683 1138
1674706981018 0.0001280263386433944 1338
1674706984351 0.0627238005399704 1538
1674706987681 0.0667371079325676 1738
1674706990291 0.0002335254685021937 1876
1674706994015 0.005945834796875715 2076
1674706997368 6.475101690739393e-05 2276
1674707000678 0.0001890301937237382 2476
1674707003998 0.06602539867162704 2676
1674707006349 0.00034778856206685305 2814
1674707009942 0.0027953186072409153 3014
1674707013720 0.00015926016203593463 3214
1674707017484 0.0004988672444596887 3414
1674707021202 0.017738277092576027 3614
1674707023825 0.0005070973420515656 3752
1674707027586 0.007536943070590496 3952
1674707031350 0.00014326447853818536 4152
1674707035097 0.00015376503870356828 4352
1674707038875 0.001440868596546352 4552
1674707042873 0.00011354731395840645 0
1674707046629 0.007478818297386169 200
1674707050376 0.0001978597283596173 400
1674707054144 0.007075202185660601 600
1674707057929 0.00012942262401338667 800
1674707060575 0.016545167192816734 938
1674707064352 0.013509925454854965 1138
1674707068005 0.00025991300935857 1338
1674707071390 0.0005411069141700864 1538
1674707075145 0.07225064188241959 1738
1674707077786 0.0005174532416276634 1876
1674707081558 0.00018570496467873454 2076
1674707085304 0.0019220563117414713 2276
1674707089067 0.0005718363681808114 2476
1674707092833 0.0001257068943232298 2676
1674707095466 0.0008466747240163386 2814
1674707099174 0.021278444677591324 3014
1674707102928 1.4746899068995845e-05 3214
1674707106698 0.0031871602404862642 3414
1674707110453 0.0074401069432497025 3614
1674707113102 0.054041020572185516 3752
1674707116866 0.0032852545846253633 3952
1674707120596 0.00014936481602489948 4152
1674707124331 0.00024384802964050323 4352
1674707128060 0.011369728483259678 4552
