1674546153373 2.313950300216675 0
1674546155355 0.3994985520839691 200
1674546157310 0.09682410955429077 400
1674546159285 0.1864502876996994 600
1674546161249 0.16651417315006256 800
1674546163198 0.05674450471997261 1000
1674546165233 0.13730192184448242 1200
1674546167193 0.1207050010561943 1400
1674546169162 0.043940480798482895 1600
1674546171127 0.11821263283491135 1800
1674546173262 0.12839695811271667 2000
1674546175374 0.039015963673591614 2200
1674546177421 0.11460015177726746 2400
1674546179435 0.07547387480735779 2600
1674546181401 0.015426828525960445 2800
1674546184242 0.05946968123316765 0
1674546186221 0.09807771444320679 200
1674546188193 0.027551699429750443 400
1674546190203 0.035554733127355576 600
1674546192179 0.08586178719997406 800
1674546194170 0.03879145532846451 1000
1674546196158 0.042408499866724014 1200
1674546198142 0.05823754146695137 1400
1674546200137 0.029084298759698868 1600
1674546202123 0.04211483523249626 1800
1674546204116 0.07776310294866562 2000
1674546206091 0.01692366972565651 2200
1674546208073 0.03424428403377533 2400
1674546210077 0.08356897532939911 2600
1674546212056 0.02406773529946804 2800
1674546214915 0.05574670433998108 0
1674546216901 0.05637852102518082 200
1674546218887 0.01869290880858898 400
1674546220872 0.0389535017311573 600
1674546222841 0.0570022352039814 800
1674546224828 0.005359673406928778 1000
1674546226790 0.028566496446728706 1200
1674546228755 0.1330733597278595 1400
1674546230738 0.042218033224344254 1600
1674546232711 0.08061522245407104 1800
1674546234703 0.0442117415368557 2000
1674546236673 0.044187430292367935 2200
1674546238648 0.0593680813908577 2400
1674546240670 0.02848118543624878 2600
1674546242651 0.055335115641355515 2800
1674546245499 0.020140312612056732 0
1674546247483 0.06629935652017593 200
1674546249483 0.03432903066277504 400
1674546251464 0.021062443032860756 600
1674546253432 0.03944393992424011 800
1674546255423 0.013147217221558094 1000
1674546257392 0.0066550904884934425 1200
1674546259376 0.028152355924248695 1400
1674546261342 0.025095580145716667 1600
1674546263329 0.025064192712306976 1800
1674546265334 0.04335504397749901 2000
1674546267325 0.020341897383332253 2200
1674546269348 0.04058006778359413 2400
1674546271333 0.023535581305623055 2600
1674546273315 0.01878991536796093 2800
1674546276188 0.026445405557751656 0
1674546278177 0.02272096648812294 200
1674546280183 0.014790561981499195 400
1674546282177 0.057736773043870926 600
1674546284180 0.01677745394408703 800
1674546286187 0.02088817209005356 1000
1674546288177 0.01615765318274498 1200
1674546290297 0.022854747250676155 1400
1674546292358 0.007759594824165106 1600
1674546294413 0.05951762571930885 1800
1674546296465 0.015582406893372536 2000
1674546298519 0.029814831912517548 2200
1674546300606 0.0383937731385231 2400
1674546302644 0.052826184779405594 2600
1674546304717 0.016635922715067863 2800
