1674707363645 2.5696675777435303 0
1674707367225 0.20100829005241394 200
1674707370673 0.10674337297677994 400
1674707374083 0.10599109530448914 600
1674707377808 0.13523823022842407 800
1674707380533 0.03610266372561455 938
1674707384371 0.24487610161304474 1138
1674707388235 0.04251013696193695 1338
1674707392049 0.0472424142062664 1538
1674707395923 0.09273398667573929 1738
1674707398644 0.05431060492992401 1876
1674707402490 0.035690393298864365 2076
1674707406381 0.06036454439163208 2276
1674707410284 0.047411829233169556 2476
1674707414153 0.06139175966382027 2676
1674707416823 0.005279202479869127 2814
1674707420498 0.007189230993390083 3014
1674707424266 0.1167566329240799 3214
1674707428141 0.06005886569619179 3414
1674707431830 0.06348446756601334 3614
1674707434557 0.004513806663453579 3752
1674707438428 0.02849196270108223 3952
1674707442288 0.01062743179500103 4152
1674707446177 0.012941911816596985 4352
1674707450033 0.07502183318138123 4552
1674707454116 0.004039074759930372 0
1674707457945 0.024639034643769264 200
1674707461753 0.010491844266653061 400
1674707465532 0.0077936952002346516 600
1674707469269 0.06241408362984657 800
1674707471920 0.008751996792852879 938
1674707475768 0.09736539423465729 1138
1674707479530 0.024630900472402573 1338
1674707483304 0.013573044911026955 1538
1674707487207 0.030237551778554916 1738
1674707489888 0.004884717520326376 1876
1674707493732 0.018759887665510178 2076
1674707497630 0.003321087220683694 2276
1674707501441 0.04207080975174904 2476
1674707505320 0.022526925429701805 2676
1674707508040 0.0016296280082315207 2814
1674707511888 0.07247994095087051 3014
1674707515768 0.02024533599615097 3214
1674707519645 0.0013313565868884325 3414
1674707523529 0.03263125568628311 3614
1674707526167 0.005423797760158777 3752
1674707529986 0.008761253207921982 3952
1674707533822 0.006603666115552187 4152
1674707537672 0.00047968377475626767 4352
1674707541468 0.019765516743063927 4552
1674707545506 0.00039808970177546144 0
1674707549333 0.01347931195050478 200
1674707553197 0.007180380169302225 400
1674707557005 0.00549782020971179 600
1674707560841 0.03274095430970192 800
1674707563557 0.0011260459432378411 938
1674707567415 0.006556385662406683 1138
1674707571244 0.00015479807916563004 1338
1674707575063 0.03861519694328308 1538
1674707578902 0.01888737827539444 1738
1674707581587 0.0007777751889079809 1876
1674707585365 0.06834382563829422 2076
1674707589186 0.0024369230959564447 2276
1674707592829 0.004143623635172844 2476
1674707596622 0.0011213694233447313 2676
1674707599124 0.00041206739842891693 2814
1674707602989 0.0005694216815754771 3014
1674707606854 0.00019588731811381876 3214
1674707610713 0.000215075007872656 3414
1674707614627 0.004244797397404909 3614
1674707617364 0.00031555784516967833 3752
1674707621273 0.015888940542936325 3952
1674707625118 0.0008865473791956902 4152
1674707628987 0.00025888480013236403 4352
1674707632887 0.0015486918855458498 4552
1674707636899 0.0006504948250949383 0
1674707640778 0.007443082984536886 200
1674707644675 0.0005557402619160712 400
1674707648501 0.001629742793738842 600
1674707652054 0.006876447703689337 800
1674707654753 0.031316664069890976 938
1674707658603 0.009720218367874622 1138
1674707662473 0.0001528720313217491 1338
1674707666315 0.002149426843971014 1538
1674707670199 0.1036556214094162 1738
1674707672899 8.340595377376303e-05 1876
1674707676761 0.0037089139223098755 2076
1674707680611 0.009621728211641312 2276
1674707684508 0.0002597151033114642 2476
1674707688371 0.02179475501179695 2676
1674707691059 0.0012769097229465842 2814
1674707694876 0.0015356993535533547 3014
1674707698674 8.9346976892557e-05 3214
1674707702417 0.006059891078621149 3414
1674707706260 0.0005168695352040231 3614
1674707708996 0.0014276759466156363 3752
1674707712866 0.026478637009859085 3952
1674707716646 0.000412359629990533 4152
1674707720509 0.0007510511786676943 4352
1674707724385 0.001013276749290526 4552
1674707728281 1.9935721866204403e-05 0
1674707732182 0.00023533485364168882 200
1674707735979 6.537973240483552e-05 400
1674707739793 0.00020553825015667826 600
1674707743646 0.011068057268857956 800
1674707746326 0.009638967923820019 938
1674707750187 0.015286503359675407 1138
1674707753969 0.00016005864017643034 1338
1674707757751 0.015083810314536095 1538
1674707761609 0.014357494190335274 1738
1674707764274 0.00042903563007712364 1876
1674707768120 0.00015429736231453717 2076
1674707771989 5.414460611063987e-05 2276
1674707775880 0.00010821671457961202 2476
1674707779772 0.0003634221793618053 2676
1674707782483 0.0001293727254960686 2814
1674707786324 0.02246837131679058 3014
1674707790212 7.326489867409691e-05 3214
1674707794100 0.0008869984885677695 3414
1674707798016 0.05710487812757492 3614
1674707800733 0.004560503177344799 3752
1674707804637 0.0001159174571512267 3952
1674707808564 2.0503828636719845e-05 4152
1674707812448 0.002771955681964755 4352
1674707816334 0.10284122079610825 4552
