1674705058385 2.6897635459899902 0
1674705062229 0.29391446709632874 200
1674705066032 0.06306694447994232 400
1674705069841 0.06503208726644516 600
1674705073600 0.1441686749458313 800
1674705076245 0.034228768199682236 938
1674705079963 0.0999656468629837 1138
1674705083181 0.03473055735230446 1338
1674705086647 0.11435645818710327 1538
1674705089903 0.11275387555360794 1738
1674705092188 0.03897661715745926 1876
1674705095965 0.13953529298305511 2076
1674705099745 0.05039327219128609 2276
1674705103524 0.07821216434240341 2476
1674705107017 0.0742349922657013 2676
1674705109318 0.011239222250878811 2814
1674705112603 0.0872156023979187 3014
1674705116042 0.017992068082094193 3214
1674705119802 0.06173935905098915 3414
1674705123591 0.09187936037778854 3614
1674705126273 0.003902039024978876 3752
1674705130047 0.019515106454491615 3952
1674705133827 0.04359964281320572 4152
1674705137619 0.04063804820179939 4352
1674705141406 0.12301556766033173 4552
1674705145385 0.009456626139581203 0
1674705149150 0.03267621994018555 200
1674705152881 0.020643623545765877 400
1674705156689 0.04969046264886856 600
1674705160455 0.06377605348825455 800
1674705163093 0.0185476653277874 938
1674705166879 0.037438180297613144 1138
1674705170634 0.014907745644450188 1338
1674705174355 0.012736175209283829 1538
1674705178151 0.11676422506570816 1738
1674705180806 0.026221532374620438 1876
1674705184594 0.0105741610750556 2076
1674705188386 0.007339541334658861 2276
1674705192139 0.008036475628614426 2476
1674705195833 0.061818670481443405 2676
1674705198421 0.0009441933943890035 2814
1674705202019 0.05828613042831421 3014
1674705205802 0.0062249996699392796 3214
1674705209518 0.02827603928744793 3414
1674705213316 0.03136591240763664 3614
1674705215983 0.007159379776567221 3752
1674705219723 0.01150156557559967 3952
1674705223499 0.0002324599481653422 4152
1674705227257 0.01175442710518837 4352
1674705230967 0.011863719671964645 4552
1674705234877 0.0005652146064676344 0
1674705238608 0.011501671746373177 200
1674705242407 0.002897143131121993 400
1674705246194 0.00039490158087573946 600
1674705249946 0.07337254285812378 800
1674705252455 0.0008934757206588984 938
1674705256234 0.09370066225528717 1138
1674705260010 0.0011156239779666066 1338
1674705263811 0.004196546506136656 1538
1674705267609 0.08767060935497284 1738
1674705270254 0.0008520351839251816 1876
1674705274030 0.0028374732937663794 2076
1674705277814 0.012190262787044048 2276
1674705281594 0.01122860424220562 2476
1674705285364 0.023630116134881973 2676
1674705288046 0.00039442876004613936 2814
1674705291628 0.12646035850048065 3014
1674705295408 0.000521826499607414 3214
1674705299211 0.00259363348595798 3414
1674705302999 0.028650766238570213 3614
1674705305669 0.0012417200487107038 3752
1674705309462 0.002355370670557022 3952
1674705313246 0.0003784458967857063 4152
1674705317043 0.004529554862529039 4352
1674705320815 0.0009417291730642319 4552
1674705324818 0.006287183612585068 0
1674705328596 0.009751240722835064 200
1674705332382 0.03511311486363411 400
1674705336139 0.008828546851873398 600
1674705339924 0.0025946092791855335 800
1674705342586 0.00043384608579799533 938
1674705346322 0.012744964100420475 1138
1674705350099 0.00018816292867995799 1338
1674705353899 0.0028536890167742968 1538
1674705357678 0.019863663241267204 1738
1674705360321 0.005199826322495937 1876
1674705364097 0.04772946238517761 2076
1674705367894 0.003594729583710432 2276
1674705371672 0.00016054618754424155 2476
1674705375455 0.08799022436141968 2676
1674705378112 0.0002630008093547076 2814
1674705381879 0.0034198893699795008 3014
1674705385656 0.00023797039466444403 3214
1674705389469 0.0018490978982299566 3414
1674705393294 0.10057774186134338 3614
1674705395675 0.00010452552669448778 3752
1674705399064 0.010135862044990063 3952
1674705402478 1.0826958714460488e-05 4152
1674705406139 0.055022913962602615 4352
1674705409710 0.00020416188635863364 4552
1674705413622 0.00021945284970570356 0
1674705417234 0.0013121780939400196 200
1674705420807 0.0007093080785125494 400
1674705424412 0.015028645284473896 600
1674705427974 0.012086808681488037 800
1674705430441 0.06938900798559189 938
1674705434024 0.002061792416498065 1138
1674705437600 0.0025483614299446344 1338
1674705441233 0.0039144717156887054 1538
1674705445003 0.00010866037337109447 1738
1674705447663 0.001537575968541205 1876
1674705451420 0.0051735881716012955 2076
1674705455185 0.00037877116119489074 2276
1674705458961 0.0006398598779924214 2476
1674705462699 0.008712437003850937 2676
1674705465330 4.506851837504655e-05 2814
1674705469100 0.028558600693941116 3014
1674705472877 6.708683213219047e-05 3214
1674705476619 0.00022906776575837284 3414
1674705480383 0.012960557825863361 3614
1674705483022 7.543721585534513e-05 3752
1674705486749 0.011142740026116371 3952
1674705490556 0.00016533257439732552 4152
1674705494350 0.00015319713565986603 4352
1674705498140 0.0004798680020030588 4552
