1674556906532 2.6004068851470947 0
1674556909771 0.8831287622451782 200
1674556912969 0.6770131587982178 400
1674556916251 0.38490030169487 600
1674556919562 0.36683201789855957 800
1674556921834 0.2208840548992157 938
1674556925091 0.35139626264572144 1138
1674556928287 0.2615983486175537 1338
1674556931511 0.24469108879566193 1538
1674556934686 0.17335772514343262 1738
1674556936968 0.08924354612827301 1876
1674556940253 0.20913611352443695 2076
1674556943539 0.1580885797739029 2276
1674556946823 0.1951240748167038 2476
1674556950115 0.12693803012371063 2676
1674556952364 0.05257625877857208 2814
1674556955621 0.12448418140411377 3014
1674556958864 0.10412011295557022 3214
1674556962151 0.16090863943099976 3414
1674556965453 0.09513324499130249 3614
1674556967748 0.032357003539800644 3752
1674556971046 0.08557574450969696 3952
1674556974338 0.07439607381820679 4152
1674556977610 0.13869120180606842 4352
1674556980521 0.08372661471366882 4552
1674556984147 0.021677466109395027 0
1674556987425 0.06439390033483505 200
1674556990747 0.04977400228381157 400
1674556994056 0.11156581342220306 600
1674556997143 0.07446233928203583 800
1674556999423 0.016431426629424095 938
1674557002426 0.04815792664885521 1138
1674557005455 0.03463565558195114 1338
1674557008630 0.08991923183202744 1538
1674557011425 0.06767536699771881 1738
1674557013700 0.012610455974936485 1876
1674557016679 0.03952683508396149 2076
1674557019685 0.026462018489837646 2276
1674557022649 0.07270315289497375 2476
1674557025682 0.06311823427677155 2676
1674557027783 0.010384746827185154 2814
1674557030737 0.03166944161057472 3014
1674557033725 0.020229069516062737 3214
1674557036756 0.05917605385184288 3414
1674557039746 0.059714678674936295 3614
1674557041799 0.008651821874082088 3752
1674557044746 0.025461025536060333 3952
1674557047768 0.016260214149951935 4152
1674557050793 0.04729541391134262 4352
1674557053969 0.05615824833512306 4552
1674557057534 0.007393270265311003 0
1674557060575 0.02122299000620842 200
1674557063711 0.013324182480573654 400
1674557066784 0.034965645521879196 600
1674557069824 0.05254378914833069 800
1674557071829 0.005527717527002096 938
1674557074723 0.01744236797094345 1138
1674557077970 0.011252541095018387 1338
1674557081269 0.02707507088780403 1538
1674557084568 0.0479537658393383 1738
1674557086883 0.00434102350845933 1876
1674557090061 0.014387098141014576 2076
1674557093267 0.009978510439395905 2276
1674557096536 0.02047639898955822 2476
1674557099810 0.044260114431381226 2676
1674557102097 0.0038128572050482035 2814
1674557105248 0.011932605877518654 3014
1674557108564 0.00881689041852951 3214
1674557111876 0.01469493843615055 3414
1674557115198 0.040387701243162155 3614
1674557117470 0.0032614455558359623 3752
1674557120738 0.010174013674259186 3952
1674557123995 0.0077115511521697044 4152
1674557127308 0.01110050454735756 4352
1674557130523 0.035155899822711945 4552
1674557134006 0.0027809839230030775 0
1674557137064 0.008644673973321915 200
1674557140139 0.0068876855075359344 400
1674557143179 0.00871695764362812 600
1674557146368 0.027986988425254822 800
1674557148658 0.002423348603770137 938
1674557151949 0.007593316957354546 1138
1674557155224 0.006296552252024412 1338
1674557158531 0.006881489884108305 1538
1674557161815 0.022447755560278893 1738
1674557164115 0.0021917405538260937 1876
1674557167394 0.006590018514543772 2076
1674557170719 0.005713877268135548 2276
1674557174009 0.005672059487551451 2476
1674557176970 0.017346380278468132 2676
1674557179088 0.001882288372144103 2814
1674557182012 0.0058350167237222195 3014
1674557184839 0.005144376773387194 3214
1674557187667 0.004843749571591616 3414
1674557190558 0.013792717829346657 3614
1674557192868 0.001728442613966763 3752
1674557196173 0.00519909430295229 3952
1674557199468 0.004744756501168013 4152
1674557202789 0.004201389849185944 4352
1674557206103 0.011109168641269207 4552
1674557209736 0.0015676701441407204 0
1674557213012 0.004714106675237417 200
1674557216241 0.004338700324296951 400
1674557219202 0.003695660037919879 600
1674557222125 0.009535185992717743 800
1674557224188 0.0014344756491482258 938
1674557227408 0.004245426040142775 1138
1674557230713 0.004007815383374691 1338
1674557233784 0.0033487940672785044 1538
1674557236882 0.008215030655264854 1738
1674557239204 0.0012768629239872098 1876
1674557242482 0.0038761424366384745 2076
1674557245797 0.0036974188406020403 2276
1674557249071 0.0030429516918957233 2476
1674557252355 0.007206329144537449 2676
1674557254507 0.0011715249856933951 2814
1674557257809 0.003547851461917162 3014
1674557261135 0.003439052728936076 3214
1674557264428 0.0027471340727061033 3414
1674557267714 0.006496451795101166 3614
1674557270018 0.0010490670101717114 3752
1674557273285 0.0032811923883855343 3952
1674557276091 0.0032057820353657007 4152
1674557279319 0.0025207295548170805 4352
1674557282637 0.005859172437340021 4552
