1674700642189 2.914036273956299 0
1674700645649 0.09774599224328995 200
1674700649189 0.1498262584209442 400
1674700652994 0.12509548664093018 600
1674700656777 0.09670582413673401 800
1674700659427 0.06708773970603943 938
1674700663208 0.028267191722989082 1138
1674700666886 0.06727491319179535 1338
1674700670334 0.07293882220983505 1538
1674700674172 0.14391495287418365 1738
1674700676788 0.006592526566237211 1876
1674700680523 0.04880237206816673 2076
1674700684310 0.00945434719324112 2276
1674700688111 0.0616995133459568 2476
1674700691900 0.10104271024465561 2676
1674700694535 0.009181473404169083 2814
1674700698291 0.006740186363458633 3014
1674700701944 0.06291541457176208 3214
1674700705678 0.08491379022598267 3414
1674700709478 0.07023214548826218 3614
1674700712057 0.0026895757764577866 3752
1674700715416 0.02420417033135891 3952
1674700718771 0.009375287219882011 4152
1674700722129 0.06763090193271637 4352
1674700725458 0.1243574395775795 4552
1674700729158 0.052105292677879333 0
1674700732680 0.04857172816991806 200
1674700736462 0.012685378082096577 400
1674700740232 0.0738108828663826 600
1674700744014 0.046400632709264755 800
1674700746651 0.047234907746315 938
1674700750212 0.17591793835163116 1138
1674700753801 0.029496435075998306 1338
1674700757597 0.003027559956535697 1538
1674700761372 0.022626271471381187 1738
1674700764012 0.0013111154548823833 1876
1674700767785 0.006521111819893122 2076
1674700771562 0.013497383333742619 2276
1674700775326 0.003542349673807621 2476
1674700779125 0.03011762537062168 2676
1674700781773 0.0057725622318685055 2814
1674700785525 0.028493201360106468 3014
1674700789302 0.01675593852996826 3214
1674700793077 0.004190046340227127 3414
1674700796851 0.16916903853416443 3614
1674700799492 0.0028867681976407766 3752
1674700803260 0.0019175150664523244 3952
1674700807036 0.00607428839430213 4152
1674700810716 0.0012990114046260715 4352
1674700814517 0.01193701196461916 4552
1674700818500 0.005207933485507965 0
1674700822248 0.0426669716835022 200
1674700826028 0.0012253090972080827 400
1674700829815 0.004607957322150469 600
1674700833578 0.039872076362371445 800
1674700836216 0.0003675535845104605 938
1674700839980 0.010484258644282818 1138
1674700843750 0.03631466254591942 1338
1674700847519 0.005822013132274151 1538
1674700851293 0.1302335560321808 1738
1674700853863 0.016002776101231575 1876
1674700857645 0.02630002610385418 2076
1674700861421 0.06779855489730835 2276
1674700865207 0.024843253195285797 2476
1674700868974 0.0020720111206173897 2676
1674700871603 0.010746692307293415 2814
1674700875372 0.03824179619550705 3014
1674700879173 0.013552185148000717 3214
1674700882984 0.0006674078176729381 3414
1674700886754 0.02050839178264141 3614
1674700889421 0.0003155441954731941 3752
1674700893214 0.004331408534198999 3952
1674700896994 0.00024948708596639335 4152
1674700900792 0.0006663395906798542 4352
1674700904595 0.09390135854482651 4552
1674700908616 0.00021568323427345604 0
1674700912380 0.002115043345838785 200
1674700916164 0.0015344088897109032 400
1674700919957 0.0016331892693415284 600
1674700923763 0.0007029970292933285 800
1674700926320 0.0008640320156700909 938
1674700930034 0.003785880981013179 1138
1674700933814 0.0006621322827413678 1338
1674700937588 0.012569967657327652 1538
1674700941355 0.04195675253868103 1738
1674700944017 0.000632058538030833 1876
1674700947791 0.029453709721565247 2076
1674700951575 0.0002710572152864188 2276
1674700955359 0.030780645087361336 2476
1674700959119 0.010757115669548512 2676
1674700961762 0.013949992135167122 2814
1674700965555 0.002425010781735182 3014
1674700969351 0.00012639057240448892 3214
1674700972710 0.00010996020137099549 3414
1674700976126 0.009868700057268143 3614
1674700978784 0.000794946972746402 3752
1674700982558 0.0013511204160749912 3952
1674700986220 0.0003310171887278557 4152
1674700989995 0.0001928505953401327 4352
1674700993460 0.008731560781598091 4552
1674700997436 0.0001826612133299932 0
1674701001201 0.0001184119755635038 200
1674701004977 0.00030539161525666714 400
1674701008751 0.0009267919813282788 600
1674701012529 0.017774121835827827 800
1674701015161 4.941225779475644e-05 938
1674701018908 0.00566514115780592 1138
1674701022655 0.09510212391614914 1338
1674701026425 0.0006050200900062919 1538
1674701030201 0.0011332952417433262 1738
1674701032849 3.125032162643038e-05 1876
1674701036639 0.06311909854412079 2076
1674701040434 0.00010852800915017724 2276
1674701044210 0.0001531466405140236 2476
1674701047969 0.028398143127560616 2676
1674701050639 1.7437814676668495e-05 2814
1674701054418 0.0003485723864287138 3014
1674701058175 0.0004928442649543285 3214
1674701061945 0.0015975197311490774 3414
1674701065562 0.0015108988154679537 3614
1674701068080 0.0001504291722085327 3752
1674701071547 0.0009672347805462778 3952
1674701075229 0.00026344176148995757 4152
1674701078918 0.00043670370359905064 4352
1674701082269 0.0009609872358851135 4552
