1674712860118 2.6432406902313232 0
1674712863839 0.12813572585582733 200
1674712867528 0.05927746742963791 400
1674712871177 0.1266881227493286 600
1674712874900 0.10916049033403397 800
1674712877608 0.021446647122502327 938
1674712881488 0.04808344319462776 1138
1674712885316 0.05040619149804115 1338
1674712889212 0.056261785328388214 1538
1674712893160 0.026007426902651787 1738
1674712895955 0.06600286066532135 1876
1674712899919 0.04001528397202492 2076
1674712903692 0.009535298682749271 2276
1674712907574 0.022371675819158554 2476
1674712911339 0.12696097791194916 2676
1674712914066 0.007995020598173141 2814
1674712917996 0.04875774309039116 3014
1674712921764 0.012127193622291088 3214
1674712925482 0.04255346581339836 3414
1674712929332 0.09895998984575272 3614
1674712931978 0.01705702394247055 3752
1674712935747 0.01463780552148819 3952
1674712939339 0.02005845308303833 4152
1674712942913 0.016177892684936523 4352
1674712946434 0.10869940370321274 4552
1674712950206 0.0020542750135064125 0
1674712953976 0.02010364644229412 200
1674712957782 0.06274629384279251 400
1674712961558 0.02830093540251255 600
1674712965362 0.19159956276416779 800
1674712967964 0.002811616053804755 938
1674712971713 0.0516292080283165 1138
