1674557393248 2.507781982421875 0
1674557396998 0.24202178418636322 200
1674557400707 0.0903790295124054 400
1674557404446 0.07654315233230591 600
1674557408208 0.12613746523857117 800
1674557410856 0.07458633929491043 938
1674557414602 0.05773122236132622 1138
1674557418345 0.027902593836188316 1338
1674557422105 0.09885279834270477 1538
1674557425871 0.1482861489057541 1738
1674557428492 0.01716441474854946 1876
1674557432246 0.018776820972561836 2076
1674557436031 0.019797654822468758 2276
1674557439805 0.107565738260746 2476
1674557443564 0.19401204586029053 2676
1674557446218 0.07018871605396271 2814
1674557449920 0.10014504939317703 3014
1674557453541 0.02080734260380268 3214
1674557457279 0.05880405381321907 3414
1674557461070 0.04683778062462807 3614
1674557463701 0.011425316333770752 3752
1674557467482 0.017635751515626907 3952
1674557471250 0.02508840337395668 4152
1674557474982 0.005762542597949505 4352
1674557478731 0.09197138249874115 4552
1674557482706 0.025702698156237602 0
1674557486375 0.11523149162530899 200
1674557490113 0.019489631056785583 400
1674557493855 0.028669722378253937 600
1674557497607 0.15060284733772278 800
1674557500246 0.004945007152855396 938
1674557503975 0.01331251673400402 1138
1674557507742 0.014317822642624378 1338
1674557511518 0.02072676457464695 1538
1674557515268 0.16402773559093475 1738
1674557517858 0.0004361723258625716 1876
1674557521587 0.037145186215639114 2076
1674557525300 0.012640481814742088 2276
1674557528918 0.009675335139036179 2476
1674557532557 0.02063080295920372 2676
1674557535127 0.0034143344964832067 2814
1674557538878 0.01552669145166874 3014
1674557542653 0.0022627993021160364 3214
1674557546421 0.027018917724490166 3414
1674557550175 0.07573705166578293 3614
1674557552751 0.06963318586349487 3752
1674557556495 0.008381510153412819 3952
1674557560224 0.002674456685781479 4152
1674557563966 0.022890787571668625 4352
1674557567721 0.014428013935685158 4552
1674557571696 0.006747667212039232 0
1674557575424 0.010565822012722492 200
1674557579183 0.0006755469948984683 400
1674557582947 0.06330672651529312 600
1674557586712 0.010693591088056564 800
1674557589325 0.000806916446890682 938
1674557593088 0.007856717333197594 1138
1674557596876 0.0019150081789121032 1338
1674557600616 0.024418193846940994 1538
1674557604384 0.035702865570783615 1738
1674557607034 0.001636550878174603 1876
1674557610770 0.07362772524356842 2076
1674557614529 0.0002999624121002853 2276
1674557618305 0.006041263695806265 2476
1674557622072 0.011489462107419968 2676
1674557624684 0.026428084820508957 2814
1674557628421 0.0008750311098992825 3014
1674557632154 8.930546027841046e-05 3214
1674557635897 0.05965004116296768 3414
1674557639632 0.051474303007125854 3614
1674557642217 0.01095791906118393 3752
1674557645899 0.0007488334085792303 3952
1674557649578 0.008058733306825161 4152
1674557653249 0.017300022765994072 4352
1674557656890 0.015268251299858093 4552
1674557660791 0.0007082049851305783 0
1674557664446 0.005901566240936518 200
1674557668047 0.00018726005509961396 400
1674557671706 2.8347447369014844e-05 600
1674557675328 0.0005941345007158816 800
1674557677918 9.516367572359741e-05 938
1674557681670 0.08107803761959076 1138
1674557685396 0.0048148417845368385 1338
1674557689156 0.00021920245490036905 1538
1674557692921 0.0007694887463003397 1738
1674557695546 3.669191573862918e-05 1876
1674557699276 0.006386804860085249 2076
1674557703034 0.0001378889282932505 2276
1674557706770 0.03131161630153656 2476
1674557710508 0.01138690672814846 2676
1674557713164 0.00016878051974344999 2814
1674557716896 0.0024665610399097204 3014
1674557720633 0.0005987053154967725 3214
1674557724384 0.00012253050226718187 3414
1674557728147 0.00030379611416719854 3614
1674557730766 0.0003881964075844735 3752
1674557734513 8.970675844466314e-05 3952
1674557738274 0.018365344032645226 4152
1674557742038 0.00012344372225925326 4352
1674557745782 0.0013803397305309772 4552
1674557749758 0.0010444852523505688 0
1674557753504 0.0013302220031619072 200
1674557757241 0.00031201375531964004 400
1674557760926 0.00013906565436627716 600
1674557764655 0.15954631567001343 800
1674557767286 0.0001284513418795541 938
1674557771003 0.012564165517687798 1138
1674557774732 0.0016487354878336191 1338
1674557778496 0.006471353117376566 1538
1674557782262 0.0036583030596375465 1738
1674557784892 6.581828347407281e-05 1876
1674557788659 0.0013298963895067573 2076
1674557792433 0.00015155275468714535 2276
1674557796184 0.0262772087007761 2476
1674557800067 0.0023258323781192303 2676
1674557802740 9.488749492447823e-05 2814
1674557806473 0.00130401027854532 3014
1674557810239 2.3804135707905516e-05 3214
1674557814010 5.223085463512689e-05 3414
1674557817766 0.05932370200753212 3614
1674557820381 0.0010656703962013125 3752
1674557824146 0.007381298113614321 3952
1674557827911 5.233418778516352e-05 4152
1674557831658 0.0002151981316274032 4352
1674557835564 0.043852079659700394 4552
