1674532282150 2.313950300216675 0
1674532282164 2.2824268341064453 0
1674532282176 2.2564094066619873 0
1674532282189 2.2582619190216064 0
1674532282202 2.232726812362671 0
1674532282215 2.248405694961548 0
1674532282227 2.2034218311309814 0
1674532282239 2.1878881454467773 0
1674532282255 2.130892753601074 0
1674532282270 2.101036787033081 0
1674532282283 2.054819107055664 0
1674532282295 2.0404491424560547 0
1674532282307 2.035858631134033 0
1674532282319 1.9264459609985352 0
1674532282331 1.8970376253128052 0
1674532282342 1.8314807415008545 0
1674532282355 1.7336534261703491 0
1674532282367 1.617435097694397 0
1674532282379 1.5646421909332275 0
1674532282391 1.4935580492019653 0
1674532282403 1.4784502983093262 0
1674532282415 1.2789714336395264 0
1674532282427 1.2734112739562988 0
1674532282439 1.2133855819702148 0
1674532282451 1.1763077974319458 0
1674532282463 1.0548784732818604 0
1674532282474 1.0536737442016602 0
1674532282487 0.9238666296005249 0
1674532282499 0.7737489342689514 0
1674532282511 0.8752090334892273 0
1674532282523 1.100740909576416 0
1674532282534 0.8046000003814697 0
1674532282547 0.9430577158927917 0
1674532282559 0.8161306977272034 0
1674532282571 0.7259283661842346 0
1674532282583 0.7770282030105591 0
1674532282595 0.6253984570503235 0
1674532282606 0.7055003643035889 0
1674532282618 0.5860038995742798 0
1674532282630 0.6802449822425842 0
1674532282642 0.622202455997467 0
1674532282654 0.6935709118843079 0
1674532282666 0.4663464426994324 0
1674532282678 0.6038780212402344 0
1674532282690 0.4950699508190155 0
1674532282703 0.43327414989471436 0
1674532282715 0.5660843849182129 0
1674532282727 0.45521682500839233 0
1674532282739 0.5068936347961426 0
1674532282751 0.6609124541282654 0
1674532282763 0.5668546557426453 0
1674532282776 0.8071001172065735 0
1674532282787 0.35723063349723816 0
1674532282799 0.6574733853340149 0
1674532282812 0.29728811979293823 0
1674532282823 0.4363882541656494 0
1674532282836 0.451941579580307 0
1674532282850 0.4488416910171509 0
1674532282862 0.6588461995124817 0
1674532282873 0.40610072016716003 0
1674532282885 0.3155289590358734 0
1674532282898 0.39687252044677734 0
1674532282910 0.4188484251499176 0
1674532282922 0.3445971608161926 0
1674532282934 0.3847343325614929 0
1674532282946 0.22736556828022003 0
1674532282958 0.3961528539657593 0
1674532282970 0.3816690444946289 0
1674532282982 0.556911826133728 0
1674532282995 0.42684638500213623 0
1674532283007 0.5536070466041565 0
1674532283019 0.33350834250450134 0
1674532283031 0.6438990235328674 0
1674532283043 0.5565849542617798 0
1674532283055 0.36279216408729553 0
1674532283067 0.42245596647262573 0
1674532283079 0.37276017665863037 0
1674532283092 0.46898558735847473 0
1674532283104 0.5815191864967346 0
1674532283116 0.41075366735458374 0
1674532283128 0.3203015923500061 0
1674532283140 0.4132879972457886 0
1674532283152 0.687091052532196 0
1674532283165 0.3390750586986542 0
1674532283177 0.5738588571548462 0
1674532283189 0.2566012144088745 0
1674532283201 0.49208518862724304 0
1674532283213 0.6909664869308472 0
1674532283226 0.7462373971939087 0
1674532283238 0.3996497392654419 0
1674532283250 0.2508534789085388 0
1674532283262 0.37101051211357117 0
1674532283274 0.43001610040664673 0
1674532283286 0.36376166343688965 0
1674532283299 0.5151187777519226 0
1674532283311 0.36681514978408813 0
1674532283323 0.35731837153434753 0
1674532283335 0.33483317494392395 0
1674532283347 0.3453587591648102 0
1674532283360 0.2455383688211441 0
1674532283371 0.39479824900627136 0
1674532283384 0.2485296130180359 0
1674532283398 0.4875360429286957 0
1674532283410 0.21000799536705017 0
1674532283422 0.21994495391845703 0
1674532283434 0.2277688831090927 0
1674532283446 0.24617019295692444 0
1674532283458 0.42742684483528137 0
1674532283470 0.26435378193855286 0
1674532283482 0.3781231641769409 0
1674532283495 0.29928842186927795 0
1674532283507 0.3177218735218048 0
1674532283518 0.3893952965736389 0
1674532283531 0.3089692294597626 0
1674532283543 0.2247278392314911 0
1674532283555 0.4631985127925873 0
1674532283567 0.390099436044693 0
1674532283579 0.5956383347511292 0
1674532283592 0.34256500005722046 0
1674532283604 0.27223920822143555 0
1674532283616 0.3207966983318329 0
1674532283628 0.3550984263420105 0
1674532283640 0.32818642258644104 0
1674532283652 0.46345624327659607 0
1674532283664 0.349283903837204 0
1674532283677 0.4699418246746063 0
1674532283688 0.5409173369407654 0
1674532283700 0.3356672525405884 0
1674532283713 0.22739332914352417 0
1674532283725 0.4572807550430298 0
1674532283737 0.6237360239028931 0
1674532283749 0.4216582179069519 0
1674532283762 0.20127063989639282 0
1674532283773 0.3223895728588104 0
1674532283786 0.27598628401756287 0
1674532283798 0.24199314415454865 0
1674532283810 0.4060176908969879 0
1674532283822 0.41893014311790466 0
1674532283835 0.3515089154243469 0
1674532283847 0.4369744062423706 0
1674532283860 0.31804198026657104 0
1674532283871 0.31365877389907837 0
1674532283884 0.35977277159690857 0
1674532283898 0.5604597330093384 0
1674532283910 0.2257625162601471 0
1674532283922 0.4307500123977661 0
1674532283934 0.46403348445892334 0
1674532283947 0.5599247813224792 0
1674532283959 0.3847362995147705 0
1674532283970 0.2805960178375244 0
1674532283983 0.15320241451263428 0
1674532283995 0.3518712520599365 0
1674532284007 0.22543315589427948 0
1674532284019 0.25226202607154846 0
1674532284032 0.31687501072883606 0
1674532284044 0.19618883728981018 0
1674532284057 0.22861959040164948 0
1674532284069 0.46591317653656006 0
1674532284081 0.4024069607257843 0
1674532284094 0.38043972849845886 0
1674532284105 0.37425532937049866 0
1674532284117 0.2230667620897293 0
1674532284130 0.22659964859485626 0
1674532284142 0.2132371962070465 0
1674532284154 0.22548311948776245 0
1674532284166 0.23764458298683167 0
1674532284179 0.2716417908668518 0
1674532284190 0.308624804019928 0
1674532284203 0.24813617765903473 0
1674532284215 0.29775890707969666 0
1674532284228 0.3466183543205261 0
1674532284240 0.24918454885482788 0
1674532284253 0.3719969689846039 0
1674532284266 0.1237032487988472 0
1674532284280 0.2741144895553589 0
1674532284292 0.44534721970558167 0
1674532284304 0.33728644251823425 0
1674532284316 0.23163019120693207 0
1674532284328 0.38371771574020386 0
1674532284340 0.243874192237854 0
1674532284352 0.2973984479904175 0
1674532284365 0.13849219679832458 0
1674532284377 0.14296548068523407 0
1674532284388 0.21421386301517487 0
1674532284401 0.3401199281215668 0
1674532284413 0.2535896301269531 0
1674532284425 0.1866070181131363 0
1674532284437 0.213473379611969 0
1674532284449 0.2217860370874405 0
1674532284462 0.12433914095163345 0
1674532284473 0.24842266738414764 0
1674532284485 0.26558926701545715 0
1674532284498 0.2553645968437195 0
1674532284510 0.26644638180732727 0
1674532284522 0.22830213606357574 0
1674532284534 0.2553788125514984 0
1674532284547 0.09745001792907715 0
1674532284559 0.15083624422550201 0
1674532284571 0.26515597105026245 0
1674532284583 0.1813034564256668 0
1674532284596 0.39967548847198486 0
1674532284608 0.3125516474246979 0
1674532284620 0.28695809841156006 0
1674532284632 0.1765182465314865 0
1674532284645 0.13015955686569214 0
1674532284657 0.29530537128448486 0
1674532284669 0.25741255283355713 0
1674532284681 0.3812393248081207 0
1674532284694 0.28407880663871765 0
1674532284705 0.475524365901947 0
1674532284718 0.2662736177444458 0
1674532284731 0.29230883717536926 0
1674532284744 0.09164736419916153 0
1674532284755 0.26034119725227356 0
1674532284768 0.15059292316436768 0
1674532284780 0.2329048216342926 0
1674532284793 0.23570659756660461 0
1674532284805 0.16780531406402588 0
1674532284817 0.11177075654268265 0
1674532284830 0.18304534256458282 0
1674532284842 0.10829447954893112 0
1674532284855 0.30544400215148926 0
1674532284868 0.2862881124019623 0
1674532284880 0.12865690886974335 0
1674532284893 0.2371484786272049 0
1674532284905 0.37603604793548584 0
1674532284917 0.2885236442089081 0
1674532284930 0.2658376693725586 0
1674532284943 0.14858853816986084 0
1674532284954 0.09556519240140915 0
1674532284968 0.23678645491600037 0
1674532284981 0.20456816256046295 0
1674532284994 0.11988403648138046 0
1674532285005 0.13789217174053192 0
1674532285017 0.16640880703926086 0
1674532285030 0.25019383430480957 0
1674532285042 0.2703380286693573 0
1674532285054 0.29890310764312744 0
1674532285066 0.2227390855550766 0
1674532285079 0.29712310433387756 0
1674532285092 0.19967105984687805 0
1674532285103 0.18509851396083832 0
1674532285115 0.2567313015460968 0
1674532285128 0.15640050172805786 0
1674532285140 0.21984438598155975 0
1674532285152 0.2677386403083801 0
1674532285164 0.2985423505306244 0
1674532285177 0.5059345364570618 0
1674532285188 0.17981970310211182 0
1674532285201 0.3435629904270172 0
1674532285213 0.165411114692688 0
1674532285225 0.1651735156774521 0
1674532285237 0.15189656615257263 0
1674532285249 0.20416203141212463 0
1674532285262 0.16313526034355164 0
1674532285273 0.24933381378650665 0
1674532285286 0.13070513308048248 0
1674532285298 0.19119030237197876 0
1674532285311 0.1738644242286682 0
1674532285322 0.16673161089420319 0
1674532285335 0.12552155554294586 0
1674532285347 0.07298938930034637 0
1674532285359 0.16905462741851807 0
1674532285371 0.3486732840538025 0
1674532285383 0.2045486867427826 0
1674532285395 0.2777441740036011 0
1674532285406 0.3296383321285248 0
1674532285418 0.39982518553733826 0
1674532285430 0.4045198857784271 0
1674532285442 0.08378782123327255 0
1674532285454 0.09478532522916794 0
1674532285466 0.35337820649147034 0
1674532285478 0.23621955513954163 0
1674532285490 0.13304735720157623 0
1674532285502 0.1446160078048706 0
1674532285514 0.2967703342437744 0
1674532285527 0.1904275268316269 0
1674532285538 0.1585463285446167 0
1674532285550 0.15584725141525269 0
1674532285562 0.10992665588855743 0
1674532285574 0.0735156238079071 0
1674532285586 0.23382608592510223 0
1674532285598 0.13174715638160706 0
1674532285611 0.31213971972465515 0
1674532285622 0.2074415534734726 0
1674532285635 0.19558700919151306 0
1674532285648 0.43187034130096436 0
1674532285660 0.22300618886947632 0
1674532285672 0.18517737090587616 0
1674532285683 0.13834938406944275 0
1674532285696 0.22936366498470306 0
1674532285707 0.2567293643951416 0
1674532285719 0.1553850620985031 0
1674532285731 0.23697206377983093 0
1674532285744 0.1905939131975174 0
1674532285755 0.10480479896068573 0
1674532285767 0.11604035645723343 0
1674532285780 0.234702467918396 0
1674532285792 0.27081793546676636 0
1674532285803 0.2786566913127899 0
1674532285815 0.2607683539390564 0
1674532285828 0.24209555983543396 0
1674532285839 0.07697908580303192 0
1674532285851 0.1187761127948761 0
1674532285863 0.15655504167079926 0
1674532285874 0.25678688287734985 0
1674532285886 0.3177204132080078 0
1674532285898 0.1785256564617157 0
1674532285911 0.2890549600124359 0
1674532285922 0.21824616193771362 0
1674532285934 0.10403133183717728 0
1674532285946 0.3554975390434265 0
1674532285958 0.24535465240478516 0
1674532285970 0.3019031286239624 0
1674532285982 0.24989596009254456 0
1674532285994 0.1270550638437271 0
1674532286006 0.18470877408981323 0
1674532286017 0.36983466148376465 0
1674532286030 0.1911860704421997 0
1674532286042 0.19182436168193817 0
1674532286054 0.1907462328672409 0
1674532286065 0.20809677243232727 0
1674532286078 0.22000734508037567 0
1674532286090 0.22660282254219055 0
1674532286102 0.30405503511428833 0
1674532286114 0.1901964396238327 0
1674532286127 0.11945509910583496 0
1674532286138 0.30238795280456543 0
1674532286150 0.16256362199783325 0
1674532286162 0.10365856438875198 0
1674532286175 0.12602506577968597 0
1674532286187 0.14208999276161194 0
1674532286199 0.1533644199371338 0
1674532286211 0.27672597765922546 0
1674532286223 0.20533819496631622 0
1674532286235 0.16264945268630981 0
1674532286247 0.07549142837524414 0
1674532286260 0.24659258127212524 0
1674532286272 0.08727946877479553 0
1674532286284 0.058215998113155365 0
1674532286296 0.16324763000011444 0
1674532286308 0.09721995145082474 0
1674532286321 0.08250444382429123 0
1674532286333 0.1403181105852127 0
1674532286345 0.28456854820251465 0
1674532286356 0.2751336395740509 0
1674532286369 0.16728158295154572 0
1674532286382 0.23129551112651825 0
1674532286394 0.20773328840732574 0
1674532286405 0.13311398029327393 0
1674532286418 0.10739407688379288 0
1674532286430 0.13056544959545135 0
1674532286443 0.2342395782470703 0
1674532286454 0.13340067863464355 0
1674532286466 0.28493639826774597 0
1674532286479 0.09077148139476776 0
1674532286490 0.17163148522377014 0
1674532286502 0.057324182242155075 0
1674532286515 0.12617307901382446 0
1674532286527 0.13139241933822632 0
1674532286538 0.2168249487876892 0
1674532286551 0.23080871999263763 0
1674532286563 0.12453623861074448 0
1674532286575 0.10594196617603302 0
1674532286587 0.20653344690799713 0
1674532286600 0.1520150899887085 0
1674532286612 0.08610532432794571 0
1674532286623 0.18626755475997925 0
1674532286635 0.21023261547088623 0
1674532286648 0.12230322510004044 0
1674532286660 0.20385494828224182 0
1674532286672 0.14485451579093933 0
1674532286684 0.18448011577129364 0
1674532286696 0.24538348615169525 0
1674532286708 0.44813311100006104 0
1674532286720 0.23639589548110962 0
1674532286732 0.1082402914762497 0
1674532286745 0.19875063002109528 0
1674532286756 0.17851516604423523 0
1674532286768 0.14836609363555908 0
1674532286780 0.13951115310192108 0
1674532286793 0.08634883165359497 0
1674532286805 0.1725824922323227 0
1674532286817 0.22691598534584045 0
1674532286829 0.0753028467297554 0
1674532286842 0.24233411252498627 0
1674532286854 0.17894594371318817 0
1674532286866 0.21894653141498566 0
1674532286878 0.027664924040436745 0
1674532286890 0.10130149126052856 0
1674532286902 0.0808584988117218 0
1674532286914 0.19112463295459747 0
1674532286926 0.17617756128311157 0
1674532286939 0.43408408761024475 0
1674532286951 0.2189471274614334 0
1674532286963 0.10321113467216492 0
1674532286975 0.33720359206199646 0
1674532286987 0.17299385368824005 0
1674532286999 0.2365468591451645 0
1674532287011 0.173014834523201 0
1674532287023 0.09582500159740448 0
1674532287035 0.1287933886051178 0
1674532287047 0.1507725715637207 0
1674532287059 0.27905094623565674 0
1674532287071 0.10436099022626877 0
1674532287083 0.08371975272893906 0
1674532287095 0.12711645662784576 0
1674532287106 0.12914367020130157 0
1674532287119 0.11310523748397827 0
1674532287131 0.1538989394903183 0
1674532287144 0.17052164673805237 0
1674532287155 0.12196727842092514 0
1674532287168 0.34356489777565 0
1674532287180 0.16203871369361877 0
1674532287192 0.23281456530094147 0
1674532287204 0.1615307629108429 0
1674532287217 0.16093744337558746 0
1674532287229 0.1555669754743576 0
1674532287241 0.14690639078617096 0
1674532287253 0.18957290053367615 0
1674532287266 0.1185319721698761 0
1674532287278 0.18282920122146606 0
1674532287290 0.17104877531528473 0
1674532287302 0.13321441411972046 0
1674532287315 0.3281417787075043 0
1674532287327 0.3194406032562256 0
1674532287339 0.13855479657649994 0
1674532287351 0.21388325095176697 0
1674532287363 0.3038715422153473 0
1674532287375 0.24453991651535034 0
1674532287387 0.15742674469947815 0
1674532287398 0.1944597363471985 0
1674532287411 0.135397806763649 0
1674532287422 0.048501837998628616 0
1674532287434 0.10235292464494705 0
1674532287446 0.21626736223697662 0
1674532287458 0.17784029245376587 0
1674532287470 0.11550065129995346 0
1674532287482 0.15332606434822083 0
1674532287494 0.21985593438148499 0
1674532287505 0.14989353716373444 0
1674532287517 0.23974080383777618 0
1674532287529 0.24778039753437042 0
1674532287541 0.24800938367843628 0
1674532287553 0.20496952533721924 0
1674532287565 0.10458659380674362 0
1674532287578 0.10212462395429611 0
1674532287589 0.19083429872989655 0
1674532287601 0.26821544766426086 0
1674532287613 0.18314239382743835 0
1674532287625 0.25885117053985596 0
1674532287637 0.2320173978805542 0
1674532287649 0.14022968709468842 0
1674532287662 0.10147632658481598 0
1674532287673 0.24099501967430115 0
1674532287685 0.2297218292951584 0
1674532287697 0.17818793654441833 0
1674532287710 0.13022175431251526 0
1674532287722 0.2151043713092804 0
1674532287734 0.17428144812583923 0
1674532287746 0.25684040784835815 0
1674532287759 0.16473321616649628 0
1674532287771 0.23581945896148682 0
1674532287783 0.23297923803329468 0
1674532287795 0.23461228609085083 0
1674532287807 0.08863815665245056 0
1674532287819 0.08305750787258148 0
1674532287831 0.15228420495986938 0
1674532287843 0.17160198092460632 0
1674532287855 0.11235387623310089 0
1674532287867 0.15854646265506744 0
1674532287879 0.11557374149560928 0
1674532287892 0.2720199525356293 0
1674532287904 0.2585071921348572 0
1674532287916 0.2456541657447815 0
1674532287928 0.13883289694786072 0
1674532287940 0.18879447877407074 0
1674532287953 0.12701888382434845 0
1674532287965 0.10019291937351227 0
1674532287977 0.21519111096858978 0
1674532287989 0.10553272068500519 0
1674532288001 0.10897725820541382 0
1674532288013 0.14956843852996826 0
1674532288025 0.1283896267414093 0
1674532288037 0.05591239780187607 0
1674532288049 0.07796403020620346 0
1674532288061 0.1581421047449112 0
1674532288073 0.06249386817216873 0
1674532288085 0.08093605935573578 0
1674532288097 0.3709251284599304 0
1674532288109 0.31521815061569214 0
1674532288120 0.11928121745586395 0
1674532288132 0.14014177024364471 0
1674532288144 0.09543290734291077 0
1674532288156 0.1746692806482315 0
1674532288168 0.4669305086135864 0
1674532288181 0.17832884192466736 0
1674532288196 0.06901422142982483 0
1674532288211 0.34822773933410645 0
1674532288224 0.2770874500274658 0
1674532288236 0.07033360749483109 0
1674532288248 0.09383760392665863 0
1674532288261 0.25181424617767334 0
1674532288273 0.27525025606155396 0
1674532288285 0.2081725299358368 0
1674532288298 0.2463224232196808 0
1674532288310 0.24490481615066528 0
1674532288323 0.19175872206687927 0
1674532288335 0.1957188844680786 0
1674532288348 0.09891093522310257 0
1674532288361 0.09186401963233948 0
1674532288373 0.12620753049850464 0
1674532288386 0.23340927064418793 0
1674532288398 0.12559333443641663 0
1674532288411 0.07980552315711975 0
1674532288424 0.09737775474786758 0
1674532288437 0.09851911664009094 0
1674532288449 0.23109570145606995 0
1674532288461 0.07463400065898895 0
1674532288473 0.19519445300102234 0
1674532288486 0.1347631961107254 0
1674532288498 0.22831077873706818 0
1674532288511 0.21897657215595245 0
1674532288523 0.16029737889766693 0
1674532288536 0.06854197382926941 0
1674532288549 0.08316998183727264 0
1674532288561 0.15530309081077576 0
1674532288574 0.17004437744617462 0
1674532288586 0.30786997079849243 0
1674532288600 0.32415762543678284 0
1674532288613 0.16410039365291595 0
1674532288626 0.1781444549560547 0
1674532288638 0.11810570955276489 0
1674532288650 0.10453794151544571 0
1674532288663 0.0660029724240303 0
1674532288675 0.20217064023017883 0
1674532288689 0.2004542201757431 0
1674532288701 0.1611916869878769 0
1674532288714 0.2229960560798645 0
1674532288726 0.19614534080028534 0
1674532288738 0.1982080489397049 0
1674532288751 0.07970735430717468 0
1674532288764 0.14375954866409302 0
1674532288777 0.0826488807797432 0
1674532288789 0.054162267595529556 0
1674532288801 0.16800397634506226 0
1674532288814 0.09932632744312286 0
1674532288827 0.12679623067378998 0
1674532288840 0.16033846139907837 0
1674532288852 0.18252888321876526 0
1674532288864 0.056923758238554 0
1674532288877 0.05686281621456146 0
1674532288888 0.13180743157863617 0
1674532288901 0.172610342502594 0
1674532288913 0.08770488947629929 0
1674532288926 0.12155504524707794 0
1674532288938 0.048136740922927856 0
1674532288950 0.1934971958398819 0
1674532288962 0.12878020107746124 0
1674532288974 0.0973677709698677 0
1674532288987 0.07449706643819809 0
1674532289000 0.04870493710041046 0
1674532289012 0.14436602592468262 0
1674532289024 0.12665677070617676 0
1674532289037 0.2256341129541397 0
1674532289049 0.07124142348766327 0
1674532289062 0.11512142419815063 0
1674532289074 0.07753824442625046 0
1674532289086 0.12497555464506149 0
1674532289100 0.09333029389381409 0
1674532289113 0.09716340899467468 0
1674532289126 0.04974532499909401 0
1674532289138 0.0663241297006607 0
1674532289150 0.1134394183754921 0
1674532289163 0.10419254004955292 0
1674532289175 0.14857567846775055 0
1674532289187 0.21131305396556854 0
1674532289200 0.15461552143096924 0
1674532289213 0.06996682286262512 0
1674532289225 0.027559857815504074 0
1674532289238 0.10285770148038864 0
1674532289251 0.0866805836558342 0
1674532289264 0.01811864785850048 0
1674532289276 0.05655623599886894 0
1674532289288 0.04453112185001373 0
1674532289300 0.05848506838083267 0
1674532289313 0.04900652542710304 0
1674532289326 0.04449053853750229 0
1674532289338 0.14118055999279022 0
1674532289351 0.012226774357259274 0
1674532289363 0.016259612515568733 0
1674532289377 0.01562773808836937 0
1674532289389 0.1031431183218956 0
1674532289401 0.1350303441286087 0
1674532289414 0.07819197326898575 0
1674532289427 0.019988374784588814 0
1674532289439 0.08464972674846649 0
1674532289451 0.5646010041236877 0
1674532289464 0.030427386984229088 0
1674532289477 0.28747719526290894 0
1674532289495 0.18712754547595978 600
1674532289508 0.21089313924312592 600
1674532289520 0.09590315073728561 600
1674532289532 0.08794284611940384 600
1674532289545 0.17378337681293488 600
1674532289557 0.11111848801374435 600
1674532289570 0.14468076825141907 600
1674532289582 0.10708167403936386 600
1674532289595 0.18550048768520355 600
1674532289607 0.23206378519535065 600
1674532289620 0.26380327343940735 600
1674532289633 0.10264839977025986 600
1674532289645 0.18234296143054962 600
1674532289658 0.17697615921497345 600
1674532289671 0.0704643651843071 600
1674532289684 0.17633122205734253 600
1674532289696 0.1731327772140503 600
1674532289710 0.09264733642339706 600
1674532289722 0.0741535872220993 600
1674532289734 0.11416473239660263 600
1674532289747 0.20865017175674438 600
1674532289759 0.06908237189054489 600
1674532289772 0.0579332560300827 600
1674532289784 0.0645785704255104 600
1674532289797 0.11856098473072052 600
1674532289809 0.10430101305246353 600
1674532289821 0.2710881233215332 600
1674532289833 0.13753508031368256 600
1674532289846 0.03912396728992462 600
1674532289858 0.0953846424818039 600
1674532289870 0.14720843732357025 600
1674532289883 0.05474519729614258 600
1674532289896 0.10500345379114151 600
1674532289908 0.05441521480679512 600
1674532289920 0.049291424453258514 600
1674532289933 0.1461443305015564 600
1674532289945 0.17153297364711761 600
1674532289957 0.14380913972854614 600
1674532289969 0.09469027817249298 600
1674532289981 0.0673278421163559 600
1674532289994 0.15970627963542938 600
1674532290005 0.2367032766342163 600
1674532290017 0.15524126589298248 600
1674532290030 0.1292867213487625 600
1674532290042 0.1533709168434143 600
1674532290053 0.1393151581287384 600
1674532290065 0.18131498992443085 600
1674532290078 0.1338440179824829 600
1674532290090 0.07662070542573929 600
1674532290102 0.21412572264671326 600
1674532290114 0.12688900530338287 600
1674532290127 0.23000574111938477 600
1674532290138 0.10248619318008423 600
1674532290150 0.1720617413520813 600
1674532290162 0.06986626982688904 600
1674532290175 0.142759308218956 600
1674532290187 0.13648167252540588 600
1674532290199 0.2349158227443695 600
1674532290210 0.2037639021873474 600
1674532290222 0.08519986271858215 600
1674532290234 0.06798606365919113 600
1674532290246 0.12024453282356262 600
1674532290258 0.08807077258825302 600
1674532290270 0.09156240522861481 600
1674532290282 0.11370041966438293 600
1674532290294 0.06652376055717468 600
1674532290305 0.11521834135055542 600
1674532290317 0.1160874292254448 600
1674532290329 0.32864663004875183 600
1674532290340 0.11600177735090256 600
1674532290353 0.2152804434299469 600
1674532290365 0.09503526985645294 600
1674532290377 0.1958104372024536 600
1674532290389 0.12402807921171188 600
1674532290401 0.07702791690826416 600
1674532290413 0.1300208419561386 600
1674532290425 0.0822504535317421 600
1674532290437 0.18756775557994843 600
1674532290449 0.16095373034477234 600
1674532290461 0.08645647764205933 600
1674532290473 0.06865859031677246 600
1674532290485 0.1537034660577774 600
1674532290497 0.21876579523086548 600
1674532290509 0.10440914332866669 600
1674532290522 0.2856944501399994 600
1674532290534 0.06458599865436554 600
1674532290546 0.13652418553829193 600
1674532290558 0.44646990299224854 600
1674532290571 0.21988895535469055 600
1674532290583 0.15814527869224548 600
1674532290595 0.08704467117786407 600
1674532290606 0.12923388183116913 600
1674532290619 0.19621065258979797 600
1674532290631 0.12510989606380463 600
1674532290644 0.24674175679683685 600
1674532290655 0.12613874673843384 600
1674532290668 0.15637481212615967 600
1674532290680 0.07731900364160538 600
1674532290692 0.03495003655552864 600
1674532290704 0.0333089753985405 600
1674532290716 0.12929955124855042 600
1674532290728 0.07923999428749084 600
1674532290740 0.3011925518512726 600
1674532290752 0.06890184432268143 600
1674532290764 0.030266089364886284 600
1674532290776 0.01782114803791046 600
1674532290788 0.04671221226453781 600
1674532290800 0.1678367555141449 600
1674532290812 0.12139014899730682 600
1674532290823 0.18235735595226288 600
1674532290835 0.10393807291984558 600
1674532290847 0.05796634778380394 600
1674532290859 0.1070220023393631 600
1674532290871 0.08456018567085266 600
1674532290883 0.10906363278627396 600
1674532290895 0.17330250144004822 600
1674532290906 0.17461223900318146 600
1674532290918 0.2508400082588196 600
1674532290931 0.07246186584234238 600
1674532290943 0.05890987068414688 600
1674532290954 0.12593764066696167 600
1674532290966 0.12025368958711624 600
1674532290979 0.13466845452785492 600
1674532290990 0.18820108473300934 600
1674532291002 0.14235819876194 600
1674532291014 0.3433096408843994 600
1674532291027 0.29316040873527527 600
1674532291038 0.07102613896131516 600
1674532291051 0.09083428978919983 600
1674532291063 0.16194263100624084 600
1674532291076 0.20084792375564575 600
1674532291087 0.17182722687721252 600
1674532291099 0.1298752725124359 600
1674532291111 0.10318271815776825 600
1674532291123 0.06440062075853348 600
1674532291135 0.10292179137468338 600
1674532291147 0.1652827113866806 600
1674532291158 0.19805391132831573 600
1674532291170 0.07552290707826614 600
1674532291182 0.188526913523674 600
1674532291194 0.12318453192710876 600
1674532291205 0.054089512676000595 600
1674532291218 0.1612841784954071 600
1674532291231 0.14689427614212036 600
1674532291244 0.08051198720932007 600
1674532291255 0.10175251960754395 600
1674532291267 0.15037794411182404 600
1674532291280 0.18631048500537872 600
1674532291292 0.14344707131385803 600
1674532291304 0.05635235458612442 600
1674532291315 0.052851416170597076 600
1674532291328 0.15743675827980042 600
1674532291340 0.1257784366607666 600
1674532291352 0.13360628485679626 600
1674532291364 0.16041859984397888 600
1674532291377 0.03547917306423187 600
1674532291389 0.03815487399697304 600
1674532291401 0.18748746812343597 600
1674532291413 0.18539535999298096 600
1674532291425 0.19209270179271698 600
1674532291437 0.08972229808568954 600
1674532291449 0.15033987164497375 600
1674532291461 0.06470377743244171 600
1674532291473 0.09078159183263779 600
1674532291485 0.09064020216464996 600
1674532291497 0.07237035036087036 600
1674532291509 0.11009014397859573 600
1674532291521 0.14152579009532928 600
1674532291532 0.07830076664686203 600
1674532291545 0.15085121989250183 600
1674532291557 0.0907149612903595 600
1674532291569 0.15781790018081665 600
1674532291581 0.12654729187488556 600
1674532291593 0.020058728754520416 600
1674532291605 0.19850000739097595 600
1674532291617 0.23175673186779022 600
1674532291629 0.1109965518116951 600
1674532291641 0.22693218290805817 600
1674532291654 0.1754835695028305 600
1674532291666 0.08310150355100632 600
1674532291678 0.13395512104034424 600
1674532291689 0.03348512947559357 600
1674532291701 0.04067987576127052 600
1674532291713 0.11821677535772324 600
1674532291726 0.15135794878005981 600
1674532291737 0.21828417479991913 600
1674532291749 0.03737087547779083 600
1674532291761 0.04186492785811424 600
1674532291773 0.05594000220298767 600
1674532291785 0.017064262181520462 600
1674532291797 0.13536982238292694 600
1674532291809 0.1369183361530304 600
1674532291821 0.11460445076227188 600
1674532291832 0.26044875383377075 600
1674532291845 0.11145315319299698 600
1674532291856 0.10743067413568497 600
1674532291868 0.041932713240385056 600
1674532291880 0.07423805445432663 600
1674532291892 0.0784391462802887 600
1674532291904 0.07370702922344208 600
1674532291915 0.1690993309020996 600
1674532291928 0.20898357033729553 600
1674532291939 0.13640396296977997 600
1674532291951 0.08994265645742416 600
1674532291963 0.02675611898303032 600
1674532291975 0.10831592231988907 600
1674532291987 0.17623813450336456 600
1674532291999 0.2443304806947708 600
1674532292011 0.06482033431529999 600
1674532292023 0.18543443083763123 600
1674532292035 0.12467028945684433 600
1674532292047 0.07234103977680206 600
1674532292059 0.04015132412314415 600
1674532292071 0.12469202280044556 600
1674532292083 0.11806357651948929 600
1674532292095 0.10619153082370758 600
1674532292107 0.16712503135204315 600
1674532292119 0.032972000539302826 600
1674532292132 0.045085445046424866 600
1674532292144 0.10904448479413986 600
1674532292156 0.040601830929517746 600
1674532292168 0.11797484755516052 600
1674532292180 0.07943106442689896 600
1674532292193 0.03170560300350189 600
1674532292205 0.0832708552479744 600
1674532292218 0.1883668452501297 600
1674532292231 0.10895182937383652 600
1674532292244 0.11604131758213043 600
1674532292256 0.09068212658166885 600
1674532292268 0.020246244966983795 600
1674532292280 0.08692159503698349 600
1674532292293 0.07456915825605392 600
1674532292305 0.03547751531004906 600
1674532292317 0.07617713510990143 600
1674532292329 0.11052973568439484 600
1674532292342 0.12878814339637756 600
1674532292354 0.12891772389411926 600
1674532292367 0.1524031013250351 600
1674532292380 0.05843137577176094 600
1674532292392 0.12742209434509277 600
1674532292406 0.09014683961868286 600
1674532292419 0.09758360683917999 600
1674532292433 0.08472007513046265 600
1674532292445 0.018856707960367203 600
1674532292457 0.1333780288696289 600
1674532292470 0.15710705518722534 600
1674532292482 0.10055754333734512 600
1674532292496 0.236526757478714 600
1674532292509 0.11057409644126892 600
1674532292523 0.1945618838071823 600
1674532292536 0.0524260476231575 600
1674532292550 0.07994397729635239 600
1674532292563 0.11471699923276901 600
1674532292576 0.13606926798820496 600
1674532292588 0.04781583324074745 600
1674532292601 0.18235093355178833 600
1674532292615 0.06804867833852768 600
1674532292628 0.1924421340227127 600
1674532292641 0.11072921007871628 600
1674532292654 0.12252849340438843 600
1674532292667 0.0687091127038002 600
1674532292679 0.036469459533691406 600
1674532292692 0.049166031181812286 600
1674532292704 0.22031356394290924 600
1674532292717 0.10849029570817947 600
1674532292729 0.24276761710643768 600
1674532292741 0.28917017579078674 600
1674532292753 0.26014864444732666 600
1674532292765 0.2851758897304535 600
1674532292778 0.0653856098651886 600
1674532292789 0.051831260323524475 600
1674532292802 0.14578545093536377 600
1674532292814 0.13509434461593628 600
1674532292826 0.052338313311338425 600
1674532292837 0.07677052170038223 600
1674532292849 0.12152028828859329 600
1674532292862 0.12133108824491501 600
1674532292875 0.05384078994393349 600
1674532292887 0.11369994282722473 600
1674532292899 0.05981619656085968 600
1674532292911 0.048726338893175125 600
1674532292923 0.1549294888973236 600
1674532292935 0.10950381308794022 600
1674532292947 0.17529062926769257 600
1674532292960 0.10870646685361862 600
1674532292972 0.14122460782527924 600
1674532292984 0.2093806117773056 600
1674532292996 0.12155799567699432 600
1674532293009 0.11600841581821442 600
1674532293020 0.08039552718400955 600
1674532293032 0.07668757438659668 600
1674532293044 0.11346199363470078 600
1674532293057 0.12284109741449356 600
1674532293069 0.09809006750583649 600
1674532293081 0.10389682650566101 600
1674532293094 0.09498593956232071 600
1674532293105 0.05480398237705231 600
1674532293117 0.15381279587745667 600
1674532293129 0.09372660517692566 600
1674532293141 0.1390746682882309 600
1674532293153 0.1850026696920395 600
1674532293165 0.1136040985584259 600
1674532293177 0.04398805648088455 600
1674532293189 0.059911251068115234 600
1674532293201 0.0650496780872345 600
1674532293212 0.1233845129609108 600
1674532293224 0.21773533523082733 600
1674532293236 0.062421634793281555 600
1674532293248 0.10735566914081573 600
1674532293260 0.11120737344026566 600
1674532293272 0.09013021737337112 600
1674532293284 0.17795264720916748 600
1674532293296 0.14400431513786316 600
1674532293307 0.14227403700351715 600
1674532293319 0.1244807317852974 600
1674532293331 0.12957176566123962 600
1674532293343 0.13760906457901 600
1674532293355 0.25265321135520935 600
1674532293367 0.11773716658353806 600
1674532293379 0.06916583329439163 600
1674532293391 0.16145901381969452 600
1674532293403 0.10987582057714462 600
1674532293415 0.07236342132091522 600
1674532293427 0.2087574601173401 600
1674532293439 0.14478403329849243 600
1674532293451 0.09639668464660645 600
1674532293463 0.04121857509016991 600
1674532293476 0.15441356599330902 600
1674532293489 0.19297312200069427 600
1674532293501 0.03650769963860512 600
1674532293514 0.09773554652929306 600
1674532293526 0.12620507180690765 600
1674532293538 0.09338267147541046 600
1674532293550 0.21074825525283813 600
1674532293562 0.10796745121479034 600
1674532293575 0.09313061088323593 600
1674532293587 0.04659835994243622 600
1674532293599 0.14037637412548065 600
1674532293612 0.06044750660657883 600
1674532293624 0.03260727599263191 600
1674532293636 0.08328418433666229 600
1674532293649 0.03864862024784088 600
1674532293662 0.046911563724279404 600
1674532293675 0.09790147095918655 600
1674532293687 0.10890170186758041 600
1674532293699 0.15686559677124023 600
1674532293711 0.17667509615421295 600
1674532293724 0.16394288837909698 600
1674532293736 0.19369472563266754 600
1674532293748 0.059001289308071136 600
1674532293761 0.07505735754966736 600
1674532293773 0.08615534007549286 600
1674532293786 0.18061713874340057 600
1674532293799 0.08237472176551819 600
1674532293811 0.28458529710769653 600
1674532293823 0.034779611974954605 600
1674532293835 0.20008094608783722 600
1674532293848 0.04759655520319939 600
1674532293861 0.07290875911712646 600
1674532293872 0.14399820566177368 600
1674532293885 0.1991908997297287 600
1674532293898 0.174284890294075 600
1674532293910 0.08923842757940292 600
1674532293922 0.05299496278166771 600
1674532293934 0.1517748236656189 600
1674532293947 0.08743889629840851 600
1674532293960 0.023510104045271873 600
1674532293972 0.15886753797531128 600
1674532293985 0.11039794981479645 600
1674532293997 0.042393602430820465 600
1674532294010 0.15796801447868347 600
1674532294022 0.11757953464984894 600
1674532294035 0.12036614120006561 600
1674532294047 0.15381549298763275 600
1674532294061 0.3440081775188446 600
1674532294074 0.10945932567119598 600
1674532294087 0.1066104918718338 600
1674532294099 0.10445898771286011 600
1674532294112 0.14519962668418884 600
1674532294125 0.08406200259923935 600
1674532294137 0.0393817313015461 600
1674532294150 0.036335282027721405 600
1674532294163 0.06865345686674118 600
1674532294176 0.1215314269065857 600
1674532294189 0.074513278901577 600
1674532294203 0.08269002288579941 600
1674532294216 0.15902423858642578 600
1674532294229 0.20125819742679596 600
1674532294244 0.02459227852523327 600
1674532294258 0.05359390377998352 600
1674532294271 0.039199285209178925 600
1674532294285 0.12706227600574493 600
1674532294298 0.04321606457233429 600
1674532294310 0.2538180649280548 600
1674532294322 0.13679680228233337 600
1674532294335 0.06558094173669815 600
1674532294348 0.15745355188846588 600
1674532294362 0.09579186141490936 600
1674532294376 0.1757490187883377 600
1674532294390 0.05130456015467644 600
1674532294403 0.0575919970870018 600
1674532294415 0.06514798104763031 600
1674532294428 0.06479976326227188 600
1674532294442 0.18500830233097076 600
1674532294456 0.028212975710630417 600
1674532294469 0.07848476618528366 600
1674532294482 0.05959389731287956 600
1674532294495 0.09360859543085098 600
1674532294507 0.10454089939594269 600
1674532294519 0.06935414671897888 600
1674532294532 0.06877710670232773 600
1674532294545 0.05813812091946602 600
1674532294558 0.23895293474197388 600
1674532294571 0.1383652538061142 600
1674532294584 0.1449258029460907 600
1674532294597 0.12990976870059967 600
1674532294610 0.04800288379192352 600
1674532294622 0.06552907824516296 600
1674532294636 0.14565014839172363 600
1674532294650 0.12817591428756714 600
1674532294664 0.08025167137384415 600
1674532294676 0.06397484987974167 600
1674532294689 0.08429661393165588 600
1674532294703 0.10863593220710754 600
1674532294715 0.21958467364311218 600
1674532294728 0.25202256441116333 600
1674532294742 0.0638667568564415 600
1674532294755 0.07549013197422028 600
1674532294768 0.1215936467051506 600
1674532294780 0.11600737273693085 600
1674532294795 0.1147250160574913 600
1674532294807 0.1208876520395279 600
1674532294820 0.07808411121368408 600
1674532294832 0.021134166046977043 600
1674532294846 0.08071880042552948 600
1674532294861 0.1664854884147644 600
1674532294872 0.18073134124279022 600
1674532294885 0.0763486996293068 600
1674532294898 0.11708829551935196 600
1674532294912 0.10622123628854752 600
1674532294925 0.11186875402927399 600
1674532294938 0.1586056500673294 600
1674532294950 0.15022063255310059 600
1674532294963 0.1373792141675949 600
1674532294978 0.2136620730161667 600
1674532294990 0.038025010377168655 600
1674532295003 0.08478610217571259 600
1674532295017 0.0745820701122284 600
1674532295030 0.1860714703798294 600
1674532295044 0.1265244036912918 600
1674532295059 0.14067892730236053 600
1674532295071 0.1155041754245758 600
1674532295085 0.06527774780988693 600
1674532295098 0.03574357181787491 600
1674532295110 0.1317654401063919 600
1674532295122 0.1526803970336914 600
1674532295136 0.09038680046796799 600
1674532295149 0.1586712896823883 600
1674532295162 0.12586760520935059 600
1674532295174 0.12660077214241028 600
1674532295186 0.18774548172950745 600
1674532295198 0.11309285461902618 600
1674532295210 0.24683503806591034 600
1674532295222 0.1616014689207077 600
1674532295235 0.22748708724975586 600
1674532295247 0.06875026971101761 600
1674532295260 0.04821671545505524 600
1674532295272 0.09730072319507599 600
1674532295285 0.10541704297065735 600
1674532295297 0.09366866946220398 600
1674532295310 0.12393029034137726 600
1674532295321 0.08228360116481781 600
1674532295333 0.24368783831596375 600
1674532295346 0.1237630620598793 600
1674532295359 0.24698372185230255 600
1674532295371 0.08244191110134125 600
1674532295385 0.08847053349018097 600
1674532295397 0.083100825548172 600
1674532295409 0.06319990754127502 600
1674532295421 0.10869994759559631 600
1674532295434 0.0750335156917572 600
1674532295448 0.06594341993331909 600
1674532295460 0.11076300591230392 600
1674532295472 0.06498545408248901 600
1674532295486 0.04403916373848915 600
1674532295499 0.070087730884552 600
1674532295512 0.07517985999584198 600
1674532295524 0.053262099623680115 600
1674532295537 0.0600874088704586 600
1674532295551 0.297516793012619 600
1674532295565 0.2607417404651642 600
1674532295579 0.08804051578044891 600
1674532295593 0.13271187245845795 600
1674532295606 0.036286309361457825 600
1674532295619 0.12252222746610641 600
1674532295634 0.4504958391189575 600
1674532295648 0.11955932527780533 600
1674532295662 0.05863754823803902 600
1674532295676 0.2544342875480652 600
1674532295690 0.19016975164413452 600
1674532295703 0.06622865796089172 600
1674532295716 0.06639577448368073 600
1674532295729 0.1474672555923462 600
1674532295744 0.16485168039798737 600
1674532295757 0.13726556301116943 600
1674532295769 0.19660845398902893 600
1674532295783 0.15351150929927826 600
1674532295796 0.19455011188983917 600
1674532295809 0.19355840981006622 600
1674532295821 0.06316112726926804 600
1674532295833 0.10638430714607239 600
1674532295846 0.0744282603263855 600
1674532295860 0.2689448595046997 600
1674532295872 0.07986465096473694 600
1674532295885 0.07923076301813126 600
1674532295898 0.0553438775241375 600
1674532295910 0.07870209962129593 600
1674532295923 0.12355004251003265 600
1674532295936 0.04138064756989479 600
1674532295948 0.1785038560628891 600
1674532295962 0.08323627710342407 600
1674532295974 0.18163666129112244 600
1674532295988 0.16232556104660034 600
1674532296000 0.050524190068244934 600
1674532296013 0.04571514576673508 600
1674532296026 0.05185383930802345 600
1674532296038 0.09313390403985977 600
1674532296051 0.09672845900058746 600
1674532296065 0.16305813193321228 600
1674532296078 0.2749486565589905 600
1674532296090 0.11224953830242157 600
1674532296103 0.13392971456050873 600
1674532296115 0.09013408422470093 600
1674532296128 0.07997681200504303 600
1674532296140 0.05318871885538101 600
1674532296153 0.12927430868148804 600
1674532296166 0.15642321109771729 600
1674532296178 0.06052972376346588 600
1674532296191 0.1665557622909546 600
1674532296203 0.14234080910682678 600
1674532296216 0.1305818408727646 600
1674532296228 0.023773400112986565 600
1674532296240 0.09808819741010666 600
1674532296253 0.04319456219673157 600
1674532296265 0.047758396714925766 600
1674532296278 0.11170320212841034 600
1674532296291 0.06094564124941826 600
1674532296304 0.08128678053617477 600
1674532296317 0.18134905397891998 600
1674532296330 0.11459574848413467 600
1674532296342 0.03056996315717697 600
1674532296356 0.027313463389873505 600
1674532296370 0.04960763454437256 600
1674532296384 0.09589113295078278 600
1674532296398 0.059911902993917465 600
1674532296412 0.14054235816001892 600
1674532296426 0.07699045538902283 600
1674532296439 0.14958685636520386 600
1674532296454 0.09638329595327377 600
1674532296467 0.027923455461859703 600
1674532296481 0.06385679543018341 600
1674532296496 0.034372735768556595 600
1674532296510 0.17777326703071594 600
1674532296525 0.13344480097293854 600
1674532296538 0.18069463968276978 600
1674532296554 0.10275974124670029 600
1674532296568 0.11362521350383759 600
1674532296582 0.03665005788207054 600
1674532296595 0.11916425824165344 600
1674532296608 0.050883106887340546 600
1674532296621 0.0611942820250988 600
1674532296634 0.031181946396827698 600
1674532296647 0.03837725892663002 600
1674532296660 0.060884520411491394 600
1674532296672 0.055975813418626785 600
1674532296686 0.09327367693185806 600
1674532296698 0.13660335540771484 600
1674532296712 0.09418364614248276 600
1674532296726 0.02506057545542717 600
1674532296738 0.022774767130613327 600
1674532296750 0.11775445938110352 600
1674532296763 0.051470398902893066 600
1674532296776 0.00822110753506422 600
1674532296789 0.02903270162642002 600
1674532296802 0.08754277974367142 600
1674532296815 0.01817908138036728 600
1674532296828 0.04575914889574051 600
1674532296841 0.026101935654878616 600
1674532296854 0.03691808879375458 600
1674532296866 0.004471943248063326 600
1674532296879 0.005879583768546581 600
1674532296892 0.00522955134510994 600
1674532296904 0.022401444613933563 600
1674532296917 0.08783285319805145 600
1674532296930 0.05492798238992691 600
1674532296943 0.006834077648818493 600
1674532296955 0.04636203870177269 600
1674532296968 0.3700249493122101 600
1674532296981 0.0115657402202487 600
1674532296994 0.28882500529289246 600
1674532297011 0.13826078176498413 1200
1674532297025 0.20961639285087585 1200
1674532297037 0.06024689972400665 1200
1674532297051 0.032980985939502716 1200
1674532297063 0.18874922394752502 1200
1674532297076 0.16989611089229584 1200
1674532297089 0.07746255397796631 1200
1674532297102 0.08338182419538498 1200
1674532297114 0.11138279736042023 1200
1674532297127 0.24234941601753235 1200
1674532297139 0.11871521919965744 1200
1674532297152 0.051319751888513565 1200
1674532297164 0.12137184292078018 1200
1674532297177 0.18190020322799683 1200
1674532297189 0.07625721395015717 1200
1674532297202 0.1243968978524208 1200
1674532297214 0.1286366581916809 1200
1674532297227 0.01278706081211567 1200
1674532297239 0.0398719348013401 1200
1674532297252 0.09111309051513672 1200
1674532297264 0.1341342329978943 1200
1674532297277 0.07266106456518173 1200
1674532297289 0.06263162940740585 1200
1674532297302 0.03670301288366318 1200
1674532297314 0.0986020490527153 1200
1674532297327 0.05923251062631607 1200
1674532297339 0.22071798145771027 1200
1674532297352 0.16901123523712158 1200
1674532297364 0.059716206043958664 1200
1674532297377 0.058361660689115524 1200
1674532297390 0.0959126353263855 1200
1674532297402 0.01246006228029728 1200
1674532297414 0.050280142575502396 1200
1674532297427 0.0508093498647213 1200
1674532297439 0.031217407435178757 1200
1674532297451 0.11722084879875183 1200
1674532297464 0.13514894247055054 1200
1674532297476 0.12707552313804626 1200
1674532297489 0.07023496180772781 1200
1674532297502 0.05703791603446007 1200
1674532297514 0.10454510897397995 1200
1674532297527 0.12025982141494751 1200
1674532297539 0.09239497035741806 1200
1674532297552 0.08304877579212189 1200
1674532297564 0.09746617078781128 1200
1674532297577 0.11371114104986191 1200
1674532297589 0.10541165620088577 1200
1674532297602 0.07818706333637238 1200
1674532297614 0.08201803267002106 1200
1674532297628 0.2194371223449707 1200
1674532297641 0.0727991983294487 1200
1674532297653 0.11081849038600922 1200
1674532297665 0.11723819375038147 1200
1674532297678 0.06258726865053177 1200
1674532297691 0.023974426090717316 1200
1674532297703 0.10463732481002808 1200
1674532297715 0.0901242196559906 1200
1674532297728 0.15078726410865784 1200
1674532297740 0.14769701659679413 1200
1674532297753 0.07716379314661026 1200
1674532297765 0.05971290171146393 1200
1674532297778 0.1336764693260193 1200
1674532297791 0.09549906104803085 1200
1674532297803 0.0831850990653038 1200
1674532297815 0.09467639029026031 1200
1674532297829 0.013394905254244804 1200
1674532297841 0.07409084588289261 1200
1674532297854 0.059727732092142105 1200
1674532297866 0.29616644978523254 1200
1674532297878 0.10985931754112244 1200
1674532297891 0.1671348512172699 1200
1674532297904 0.05524623021483421 1200
1674532297917 0.1468369960784912 1200
1674532297929 0.07831553369760513 1200
1674532297942 0.043052446097135544 1200
1674532297955 0.08366741240024567 1200
1674532297967 0.05225955322384834 1200
1674532297980 0.06658125668764114 1200
1674532297993 0.10973834991455078 1200
1674532298005 0.05525154992938042 1200
1674532298018 0.052766479551792145 1200
1674532298030 0.1099221482872963 1200
1674532298043 0.18209318816661835 1200
1674532298055 0.10516577959060669 1200
1674532298068 0.13535459339618683 1200
1674532298080 0.054926272481679916 1200
1674532298093 0.11137411743402481 1200
1674532298105 0.23892608284950256 1200
1674532298118 0.1400139480829239 1200
1674532298131 0.065130814909935 1200
1674532298143 0.07980576902627945 1200
1674532298156 0.045604392886161804 1200
1674532298169 0.09686000645160675 1200
1674532298182 0.07393043488264084 1200
1674532298194 0.24390603601932526 1200
1674532298206 0.12448282539844513 1200
1674532298219 0.09308937937021255 1200
1674532298232 0.06953897327184677 1200
1674532298245 0.022950146347284317 1200
1674532298258 0.015444009564816952 1200
1674532298270 0.10070998966693878 1200
1674532298283 0.04355953261256218 1200
1674532298295 0.3970798850059509 1200
1674532298307 0.07701355218887329 1200
1674532298321 0.01770026795566082 1200
1674532298335 0.029274461790919304 1200
1674532298350 0.02626737393438816 1200
1674532298365 0.10541381686925888 1200
1674532298379 0.11120563745498657 1200
1674532298393 0.1563161313533783 1200
1674532298405 0.10880997776985168 1200
1674532298419 0.03398727998137474 1200
1674532298434 0.061206355690956116 1200
1674532298447 0.049932416528463364 1200
1674532298462 0.09952106326818466 1200
1674532298475 0.15426555275917053 1200
1674532298494 0.10183718055486679 1200
1674532298507 0.2623728811740875 1200
1674532298520 0.10223011672496796 1200
1674532298534 0.05027163028717041 1200
1674532298546 0.08408920466899872 1200
1674532298559 0.09414832293987274 1200
1674532298571 0.12674088776111603 1200
1674532298583 0.1328849047422409 1200
1674532298596 0.11269325017929077 1200
1674532298609 0.22620335221290588 1200
1674532298622 0.14830298721790314 1200
1674532298634 0.09538088738918304 1200
1674532298647 0.059524599462747574 1200
1674532298661 0.1081090047955513 1200
1674532298675 0.20051723718643188 1200
1674532298693 0.14189212024211884 1200
1674532298709 0.05629498139023781 1200
1674532298723 0.1087319403886795 1200
1674532298738 0.06677906215190887 1200
1674532298752 0.09526996314525604 1200
1674532298766 0.12355981022119522 1200
1674532298781 0.07445348054170609 1200
1674532298795 0.058507226407527924 1200
1674532298810 0.12430436909198761 1200
1674532298824 0.0887088030576706 1200
1674532298838 0.06482017785310745 1200
1674532298853 0.11348249763250351 1200
1674532298866 0.14653617143630981 1200
1674532298880 0.04049462452530861 1200
1674532298893 0.1023259088397026 1200
1674532298906 0.056082285940647125 1200
1674532298919 0.1997104287147522 1200
1674532298932 0.0832311362028122 1200
1674532298945 0.07761774957180023 1200
1674532298959 0.02303001657128334 1200
1674532298971 0.10155194252729416 1200
1674532298985 0.07733950763940811 1200
1674532298998 0.06871869415044785 1200
1674532299011 0.20251460373401642 1200
1674532299024 0.017817074432969093 1200
1674532299036 0.04231126606464386 1200
1674532299049 0.21779842674732208 1200
1674532299061 0.11925473809242249 1200
1674532299074 0.17893628776073456 1200
1674532299087 0.056019969284534454 1200
1674532299100 0.09629705548286438 1200
1674532299113 0.03811633586883545 1200
1674532299126 0.07991823554039001 1200
1674532299138 0.044691942632198334 1200
1674532299151 0.07567672431468964 1200
1674532299163 0.10723219066858292 1200
1674532299176 0.08110076934099197 1200
1674532299189 0.0331721268594265 1200
1674532299201 0.0577869713306427 1200
1674532299214 0.05142961069941521 1200
1674532299227 0.1388348937034607 1200
1674532299239 0.09597274661064148 1200
1674532299252 0.06278559565544128 1200
1674532299264 0.1082683578133583 1200
1674532299277 0.11738698184490204 1200
1674532299290 0.07453297078609467 1200
1674532299303 0.1323399543762207 1200
1674532299316 0.10161048918962479 1200
1674532299329 0.07708385586738586 1200
1674532299341 0.09127159416675568 1200
1674532299354 0.07315175980329514 1200
1674532299366 0.05983323976397514 1200
1674532299379 0.16632883250713348 1200
1674532299393 0.0751667246222496 1200
1674532299404 0.04068984463810921 1200
1674532299418 0.029051952064037323 1200
1674532299430 0.05193029344081879 1200
1674532299443 0.02213270217180252 1200
1674532299456 0.022490376606583595 1200
1674532299468 0.0853404626250267 1200
1674532299482 0.09594032168388367 1200
1674532299495 0.08140093833208084 1200
1674532299508 0.18350306153297424 1200
1674532299521 0.020475158467888832 1200
1674532299533 0.053903985768556595 1200
1674532299546 0.02078782021999359 1200
1674532299559 0.05967053398489952 1200
1674532299571 0.06769932061433792 1200
1674532299584 0.04286478832364082 1200
1674532299596 0.12175014615058899 1200
1674532299610 0.0687401294708252 1200
1674532299622 0.11088085174560547 1200
1674532299635 0.16334494948387146 1200
1674532299648 0.015733806416392326 1200
1674532299661 0.08363465964794159 1200
1674532299673 0.19588400423526764 1200
1674532299686 0.1649322360754013 1200
1674532299699 0.043807502835989 1200
1674532299712 0.16144151985645294 1200
1674532299725 0.09310337156057358 1200
1674532299738 0.0605173334479332 1200
1674532299751 0.021111488342285156 1200
1674532299764 0.13551995158195496 1200
1674532299778 0.05514059588313103 1200
1674532299791 0.051864758133888245 1200
1674532299804 0.08615867793560028 1200
1674532299817 0.06317570060491562 1200
1674532299830 0.07187099009752274 1200
1674532299843 0.08335384726524353 1200
1674532299857 0.01399233378469944 1200
1674532299870 0.09339988976716995 1200
1674532299884 0.10492301732301712 1200
1674532299898 0.02633785642683506 1200
1674532299913 0.04652349650859833 1200
1674532299926 0.09970593452453613 1200
1674532299939 0.10944774746894836 1200
1674532299953 0.11785637587308884 1200
1674532299965 0.020557329058647156 1200
1674532299978 0.010334883816540241 1200
1674532299992 0.07296981662511826 1200
1674532300004 0.050007790327072144 1200
1674532300017 0.023699192330241203 1200
1674532300030 0.035960759967565536 1200
1674532300044 0.09720185399055481 1200
1674532300058 0.09712386131286621 1200
1674532300071 0.05186998471617699 1200
1674532300085 0.11446516960859299 1200
1674532300099 0.10060010105371475 1200
1674532300113 0.09566783905029297 1200
1674532300127 0.03747328370809555 1200
1674532300139 0.046174243092536926 1200
1674532300152 0.04742024466395378 1200
1674532300165 0.019858388230204582 1200
1674532300178 0.05593948811292648 1200
1674532300191 0.08748085051774979 1200
1674532300203 0.0715283676981926 1200
1674532300218 0.17270216345787048 1200
1674532300232 0.0752800852060318 1200
1674532300246 0.1057530865073204 1200
1674532300260 0.020717240869998932 1200
1674532300273 0.04372895136475563 1200
1674532300287 0.11306273192167282 1200
1674532300300 0.03825345262885094 1200
