1674553837937 2.6668472290039062 0
1674553841759 0.26517337560653687 200
1674553845697 0.08367238193750381 400
1674553849599 0.1282874196767807 600
1674553853505 0.08988287299871445 800
1674553856171 0.017141301184892654 938
1674553859964 0.1527966558933258 1138
1674553863749 0.023050254210829735 1338
1674553867046 0.11599726229906082 1538
1674553870280 0.14817871153354645 1738
1674553872542 0.01706569828093052 1876
1674553876317 0.04830419272184372 2076
1674553880085 0.017435837537050247 2276
1674553883868 0.09236834943294525 2476
1674553887661 0.04474201053380966 2676
1674553890325 0.003021218115463853 2814
1674553894099 0.013550825417041779 3014
1674553897896 0.030327562242746353 3214
1674553901569 0.03175438567996025 3414
1674553905220 0.26694491505622864 3614
1674553907768 0.0023712608963251114 3752
1674553911339 0.09888464212417603 3952
1674553914877 0.005204156041145325 4152
1674553918435 0.008533290587365627 4352
1674553922031 0.05798793211579323 4552
1674553925881 0.008910717442631721 0
1674553929646 0.024077339097857475 200
1674553933361 0.00634296890348196 400
1674553937142 0.020046889781951904 600
1674553940934 0.08000631630420685 800
1674553943565 0.007115630432963371 938
1674553947342 0.015606305561959743 1138
1674553951137 0.003949430771172047 1338
1674553954926 0.018102969974279404 1538
1674553958695 0.09808329492807388 1738
1674553961355 0.002942213322967291 1876
1674553964938 0.008150349371135235 2076
1674553968606 0.03935834765434265 2276
1674553972414 0.03505859896540642 2476
1674553976218 0.11867911368608475 2676
1674553978865 0.003138018539175391 2814
1674553982656 0.02251131273806095 3014
1674553986451 0.019172295928001404 3214
1674553990263 0.008704190142452717 3414
1674553994038 0.04363403096795082 3614
1674553996708 0.006690114736557007 3752
1674554000454 0.006753521040081978 3952
1674554004214 0.038069576025009155 4152
1674554008008 0.0013510733842849731 4352
1674554011787 0.013249981217086315 4552
1674554015778 0.0022617648355662823 0
1674554019530 0.0026986633893102407 200
1674554023306 0.00026622810401022434 400
1674554027106 0.013625090010464191 600
1674554030900 0.02755187638103962 800
1674554033550 0.002670144895091653 938
1674554037337 0.017695995047688484 1138
1674554041142 0.0007747726631350815 1338
1674554044917 0.0008359962375834584 1538
1674554048701 0.034027185291051865 1738
1674554051367 0.002936219098046422 1876
1674554055116 0.03475629538297653 2076
1674554058882 0.0006474825786426663 2276
1674554062676 0.033208295702934265 2476
1674554066475 0.0019147648708894849 2676
1674554069125 0.005256725009530783 2814
1674554072927 0.0009580635232850909 3014
1674554076712 0.008351903408765793 3214
1674554080495 0.0005255254218354821 3414
1674554084270 0.020399997010827065 3614
1674554086954 0.0008624090114608407 3752
1674554090748 0.009496338665485382 3952
1674554094521 0.0005374806933104992 4152
1674554098317 0.0016290810890495777 4352
1674554102129 0.0019116337643936276 4552
1674554106121 0.0010932482546195388 0
1674554109894 0.003737565129995346 200
1674554113668 0.06891374289989471 400
1674554117458 0.0005253938143141568 600
1674554121235 0.004145993385463953 800
1674554123873 0.0006556107546202838 938
1674554127658 0.0005615379777736962 1138
1674554131454 9.15391428861767e-05 1338
1674554135231 0.013197445310652256 1538
1674554139020 0.001657811924815178 1738
1674554141691 0.0022726322058588266 1876
1674554145456 0.09428592026233673 2076
1674554149262 7.505478424718603e-05 2276
1674554153058 0.022540194913744926 2476
1674554156850 0.027768811210989952 2676
1674554159480 0.0012661574874073267 2814
1674554163248 0.05343254655599594 3014
1674554167051 0.0002164823963539675 3214
1674554170845 0.0008774477173574269 3414
1674554174601 0.03193660452961922 3614
1674554177267 0.0035944816190749407 3752
1674554181054 0.0018554748967289925 3952
1674554184850 0.0008310792618431151 4152
1674554188640 0.0008818411151878536 4352
1674554192435 0.0049653081223368645 4552
1674554196421 4.758679642691277e-05 0
1674554200203 0.049942903220653534 200
1674554203997 0.00014349276898428798 400
1674554207793 0.0013837087899446487 600
1674554211587 0.10576310753822327 800
1674554214234 9.625043458072469e-05 938
1674554217825 0.05627554655075073 1138
1674554221620 0.0452008917927742 1338
1674554225378 0.005500974133610725 1538
1674554229155 0.08049963414669037 1738
1674554231807 0.0009399422560818493 1876
1674554235259 0.019954495131969452 2076
1674554238743 1.9514716768753715e-05 2276
1674554242190 0.0005444589769467711 2476
1674554245936 0.0015221185749396682 2676
1674554248617 3.296086651971564e-05 2814
1674554252421 0.0014992185169830918 3014
1674554256181 1.2368393981887493e-05 3214
1674554259949 4.528382851276547e-05 3414
1674554263744 0.0004737871349789202 3614
1674554266367 6.841948925284669e-05 3752
1674554269834 0.020710065960884094 3952
1674554273274 3.897930946550332e-05 4152
1674554276712 0.048239730298519135 4352
1674554280504 0.00010789642692543566 4552
