1674706177742 2.7175045013427734 0
1674706181521 0.1833941638469696 200
1674706185298 0.12485305219888687 400
1674706189063 0.13751959800720215 600
1674706192839 0.10814756900072098 800
1674706195492 0.16306699812412262 938
1674706199220 0.1030995324254036 1138
1674706202986 0.043831776827573776 1338
1674706206771 0.14899931848049164 1538
1674706210510 0.08132505416870117 1738
1674706213077 0.011918577365577221 1876
1674706216754 0.0753377303481102 2076
1674706220409 0.07974590361118317 2276
1674706224053 0.07136523723602295 2476
1674706227787 0.0933818593621254 2676
1674706230432 0.001964573049917817 2814
1674706234182 0.062497518956661224 3014
1674706237953 0.014140701852738857 3214
1674706241738 0.016071369871497154 3414
1674706245522 0.04257998242974281 3614
1674706248148 0.0020356103777885437 3752
1674706251914 0.033033356070518494 3952
1674706255645 0.021453334018588066 4152
1674706259410 0.036276623606681824 4352
1674706263208 0.14309781789779663 4552
1674706267203 0.005707665346562862 0
1674706270962 0.07324063777923584 200
1674706274739 0.015820596367120743 400
1674706278502 0.027934711426496506 600
1674706282295 0.08662072569131851 800
1674706284947 0.012819130904972553 938
1674706288687 0.022713737562298775 1138
1674706292378 0.06471952050924301 1338
1674706296119 0.04798751696944237 1538
1674706299879 0.01145199779421091 1738
1674706302517 0.007890277542173862 1876
1674706306293 0.03453471139073372 2076
1674706310066 0.001128638512454927 2276
1674706313810 0.1194644644856453 2476
1674706317598 0.18179889023303986 2676
1674706320256 0.003199212020263076 2814
1674706324030 0.0039603253826498985 3014
1674706327801 0.0008457261137664318 3214
1674706331557 0.04443008080124855 3414
1674706335321 0.07632721215486526 3614
1674706337938 0.006006353069096804 3752
1674706341699 0.008614890277385712 3952
1674706345513 0.049813561141490936 4152
1674706349296 0.014484211802482605 4352
1674706353108 0.09006708860397339 4552
1674706357105 0.0025295810773968697 0
1674706360898 0.018056880682706833 200
1674706364664 0.0005431583267636597 400
1674706368373 0.000906198110897094 600
1674706372061 0.15320633351802826 800
1674706374651 0.010159244760870934 938
1674706378406 0.032774247229099274 1138
1674706382062 0.0021062451414763927 1338
1674706385787 0.005026493687182665 1538
1674706389542 0.03215765580534935 1738
1674706392209 0.0001574119960423559 1876
1674706395992 0.003128725802525878 2076
1674706399755 0.00012998234888073057 2276
1674706403541 0.01537284255027771 2476
1674706407346 0.034364670515060425 2676
1674706409986 0.029248779639601707 2814
1674706413763 0.07106935232877731 3014
1674706417543 0.000254979997407645 3214
1674706421336 0.0012076522689312696 3414
1674706425099 0.002856073435395956 3614
1674706427783 0.000456190959084779 3752
1674706431586 0.015846537426114082 3952
1674706435340 0.007227384950965643 4152
1674706439124 0.034507088363170624 4352
1674706442936 0.0030798933003097773 4552
1674706446955 0.020433533936738968 0
1674706450716 0.0027701053768396378 200
1674706454509 0.004957076162099838 400
1674706458290 0.0021788456942886114 600
1674706462068 0.11560522019863129 800
1674706464698 0.005617630202323198 938
1674706468473 0.0003192630538251251 1138
1674706472266 0.004087401553988457 1338
1674706476047 0.000537426327355206 1538
1674706479820 0.12254071235656738 1738
1674706482486 0.00046683556865900755 1876
1674706486251 0.13501180708408356 2076
1674706490025 0.00048102671280503273 2276
1674706493799 0.02332235686480999 2476
1674706497587 0.0018841787241399288 2676
1674706500221 0.0005862055695615709 2814
1674706504003 0.014722197316586971 3014
1674706507792 0.000162936543347314 3214
1674706511578 5.6335891713388264e-05 3414
1674706515353 0.11516793072223663 3614
1674706518022 0.00038944289553910494 3752
1674706521793 0.04261022433638573 3952
1674706525563 0.00024339677474927157 4152
1674706529356 0.00034011711250059307 4352
1674706533137 0.0034238523803651333 4552
1674706537148 0.00010788523650262505 0
1674706540904 0.0009829630143940449 200
1674706544696 0.012849890626966953 400
1674706548272 0.001344255288131535 600
1674706551947 0.0028448798693716526 800
1674706554581 0.04833637550473213 938
1674706558379 0.004964602179825306 1138
1674706562157 0.00010366836067987606 1338
1674706565915 0.0009145836811512709 1538
1674706569684 0.003808588720858097 1738
1674706572309 0.000806375581305474 1876
1674706576050 0.10790356993675232 2076
1674706579837 0.0014122731518000364 2276
1674706583596 0.00018792551418300718 2476
1674706587384 0.059030577540397644 2676
1674706589999 0.00010393286356702447 2814
1674706593703 0.004862064961344004 3014
1674706597499 0.03668573126196861 3214
1674706601276 0.00048735536984167993 3414
1674706605071 0.0003362074785400182 3614
1674706607734 5.185300324228592e-05 3752
1674706611499 0.016210025176405907 3952
1674706615317 0.01287597231566906 4152
1674706619113 0.00018642190843820572 4352
1674706622846 0.022144490852952003 4552
